,TIME,ELAPSED_SECONDS,PSTATE,acc_x,acc_y,acc_z,mag_x,mag_y,mag_z,gyr_x,gyr_y,gyr_z,lin_x,lin_y,lin_z,eul_x,eul_y,eul_z,qua_w,qua_x,qua_y,qua_z
0,400099.0,149.024908,1.0,2.66,-2.75,-8.79,11.06,-6.69,47.19,-3.69,-0.56,-1.12,-0.17189447804200894,0.2293812920520717,0.22437279093976592,-122.68448977939887,-50.808228717792346,-8.76333445653462,0.2004,-0.8775,-0.429,-0.0764
1,400099.0,149.024908,1.0,2.66,-2.75,-8.79,11.06,-6.69,47.19,-3.69,-0.56,-1.12,-0.17189447804200894,0.2293812920520717,0.22437279093976592,-122.68448977939887,-50.808228717792346,-8.76333445653462,0.2004,-0.8775,-0.429,-0.0764
2,400134.0,149.039693,1.0,3.02,-2.64,-8.91,10.38,-6.69,47.19,1.0,2.0,2.0,0.13998153097294874,0.0844755666271495,0.03672834987253104,-122.73229666048941,-50.74480796197109,-8.797813093528106,0.2005,-0.8777,-0.4285,-0.0767
3,400134.0,149.039693,1.0,3.02,-2.64,-8.91,10.38,-6.69,47.19,1.0,2.0,2.0,0.13998153097294874,0.0844755666271495,0.03672834987253104,-122.73229666048941,-50.74480796197109,-8.797813093528106,0.2005,-0.8777,-0.4285,-0.0767
4,400168.0,149.049251,1.0,3.0,-3.0,-8.91,10.38,-6.69,47.19,2.5,-0.81,-0.5,-0.1450396078837356,-0.09339892403639792,-0.0603829964551057,-122.70838865597605,-50.74480796197109,-8.76333445653462,0.201,-0.8776,-0.4285,-0.0764
5,400168.0,149.049251,1.0,3.0,-3.0,-8.91,10.38,-6.69,47.19,2.5,-0.81,-0.5,-0.1450396078837356,-0.09339892403639792,-0.0603829964551057,-122.70838865597605,-50.74480796197109,-8.76333445653462,0.201,-0.8776,-0.4285,-0.0764
6,400203.0,149.052729,1.0,2.77,-2.75,-8.91,10.0,-7.5,47.19,-1.0,1.06,-1.06,-0.10118837239901303,0.19885772436214988,0.0817481229241821,-122.70838865597605,-50.795543233726846,-8.774827247055486,0.2003,-0.8776,-0.4289,-0.0765
7,400203.0,149.052729,1.0,2.77,-2.75,-8.91,10.0,-7.5,47.19,-1.0,1.06,-1.06,-0.10118837239901303,0.19885772436214988,0.0817481229241821,-122.70838865597605,-50.795543233726846,-8.774827247055486,0.2003,-0.8776,-0.4289,-0.0765
8,400240.0,149.100546,1.0,3.1,-2.74,-8.89,10.0,-7.06,46.38,3.19,0.81,1.25,0.11756271811802832,-0.029325575109964582,0.0018032894209323305,-122.68448977939887,-50.75749078075491,-8.774827247055486,0.201,-0.8775,-0.4286,-0.0765
9,400240.0,149.100546,1.0,3.1,-2.74,-8.89,10.0,-7.06,46.38,3.19,0.81,1.25,0.11756271811802832,-0.029325575109964582,0.0018032894209323305,-122.68448977939887,-50.75749078075491,-8.774827247055486,0.201,-0.8775,-0.4286,-0.0765
10,400273.0,149.11961200000002,1.0,2.92,-2.74,-8.82,10.0,-7.06,46.38,-3.38,-0.69,-1.56,0.0006973575244878517,0.06511961084060093,0.12046607907549325,-122.6606000192726,-50.808228717792346,-8.76333445653462,0.2007,-0.8774,-0.429,-0.0764
11,400273.0,149.11961200000002,1.0,2.92,-2.74,-8.82,10.0,-7.06,46.38,-3.38,-0.69,-1.56,0.0006973575244878517,0.06511961084060093,0.12046607907549325,-122.6606000192726,-50.808228717792346,-8.76333445653462,0.2007,-0.8774,-0.429,-0.0764
12,400308.0,149.122618,1.0,2.94,-2.93,-8.85,10.0,-6.69,47.19,1.94,1.0,0.37,-0.13210196577231506,-0.03639668215603376,0.032591254925508295,-122.6606000192726,-50.808228717792346,-8.76333445653462,0.201,-0.8774,-0.429,-0.0764
13,400308.0,149.122618,1.0,2.94,-2.93,-8.85,10.0,-6.69,47.19,1.94,1.0,0.37,-0.13210196577231506,-0.03639668215603376,0.032591254925508295,-122.6606000192726,-50.808228717792346,-8.76333445653462,0.201,-0.8774,-0.429,-0.0764
14,400343.0,149.125744,1.0,2.92,-2.88,-8.73,10.75,-6.69,47.25,0.06,1.0,0.94,-0.10749832053123776,-0.04093991531757489,0.16193807924172354,-122.6606000192726,-50.782858416372434,-8.76333445653462,0.2012,-0.8774,-0.4288,-0.0764
15,400343.0,149.125744,1.0,2.92,-2.88,-8.73,10.75,-6.69,47.25,0.06,1.0,0.94,-0.10749832053123776,-0.04093991531757489,0.16193807924172354,-122.6606000192726,-50.782858416372434,-8.76333445653462,0.2012,-0.8774,-0.4288,-0.0764
16,400377.0,149.166865,1.0,3.09,-2.88,-8.89,10.75,-6.69,47.25,1.94,-0.37,-0.06,0.003279167282538076,-0.0940854799025197,-0.0353892790078536,-122.6606000192726,-50.782858416372434,-8.774827247055486,0.2013,-0.8774,-0.4288,-0.0765
17,400377.0,149.166865,1.0,3.09,-2.88,-8.89,10.75,-6.69,47.25,1.94,-0.37,-0.06,0.003279167282538076,-0.0940854799025197,-0.0353892790078536,-122.6606000192726,-50.782858416372434,-8.774827247055486,0.2013,-0.8774,-0.4288,-0.0765
18,400412.0,149.17349099999998,1.0,2.72,-2.69,-8.95,10.0,-7.06,47.19,0.12,-0.12,-0.06,-0.07841653153740641,0.2912963292928188,0.07803255988435964,-122.68448977939887,-50.782858416372434,-8.76333445653462,0.2007,-0.8775,-0.4288,-0.0764
19,400412.0,149.17349099999998,1.0,2.72,-2.69,-8.95,10.0,-7.06,47.19,0.12,-0.12,-0.06,-0.07841653153740641,0.2912963292928188,0.07803255988435964,-122.68448977939887,-50.782858416372434,-8.76333445653462,0.2007,-0.8775,-0.4288,-0.0764
20,400447.0,149.196379,1.0,3.1,-2.81,-8.84,10.38,-6.25,46.5,-0.31,1.63,0.19,0.0572689554295579,-0.08679813840315509,0.027034140984177668,-122.6606000192726,-50.75749078075491,-8.797813093528106,0.201,-0.8774,-0.4286,-0.0767
21,400447.0,149.196379,1.0,3.1,-2.81,-8.84,10.38,-6.25,46.5,-0.31,1.63,0.19,0.0572689554295579,-0.08679813840315509,0.027034140984177668,-122.6606000192726,-50.75749078075491,-8.797813093528106,0.201,-0.8774,-0.4286,-0.0767
22,400484.0,149.32176,1.0,2.74,-2.95,-8.74,9.56,-6.69,47.25,1.19,-1.5,0.5,-0.2706030121577254,0.048635445625424316,0.1878086662820984,-122.6606000192726,-50.795543233726846,-8.72885661442212,0.201,-0.8774,-0.4289,-0.0761
23,400484.0,149.32176,1.0,2.74,-2.95,-8.74,9.56,-6.69,47.25,1.19,-1.5,0.5,-0.2706030121577254,0.048635445625424316,0.1878086662820984,-122.6606000192726,-50.795543233726846,-8.72885661442212,0.201,-0.8774,-0.4289,-0.0761
24,400517.0,149.393498,1.0,2.82,-2.79,-8.9,9.56,-6.69,47.25,-1.37,1.56,-0.63,-0.09829720135459286,0.14388242877112645,0.0641587628011262,-122.68448977939887,-50.782858416372434,-8.774827247055486,0.2007,-0.8775,-0.4288,-0.0765
25,400517.0,149.393498,1.0,2.82,-2.79,-8.9,9.56,-6.69,47.25,-1.37,1.56,-0.63,-0.09829720135459286,0.14388242877112645,0.0641587628011262,-122.68448977939887,-50.782858416372434,-8.774827247055486,0.2007,-0.8775,-0.4288,-0.0765
26,400553.0,149.447215,1.0,3.22,-2.81,-9.07,10.75,-6.69,46.38,2.94,1.81,0.19,0.13185324416872612,-0.07754924486378689,-0.2186181179419453,-122.68448977939887,-50.75749078075491,-8.843785851491393,0.2008,-0.8775,-0.4286,-0.0771
27,400553.0,149.447215,1.0,3.22,-2.81,-9.07,10.75,-6.69,46.38,2.94,1.81,0.19,0.13185324416872612,-0.07754924486378689,-0.2186181179419453,-122.68448977939887,-50.75749078075491,-8.843785851491393,0.2008,-0.8775,-0.4286,-0.0771
28,400588.0,149.450466,1.0,2.77,-2.65,-8.78,10.0,-7.5,46.06,-3.0,-4.19,-0.94,-0.02672830957699424,0.20621179651134505,0.22852062665957185,-122.68448977939887,-50.782858416372434,-8.786320126014099,0.2006,-0.8775,-0.4288,-0.0766
29,400588.0,149.450466,1.0,2.77,-2.65,-8.78,10.0,-7.5,46.06,-3.0,-4.19,-0.94,-0.02672830957699424,0.20621179651134505,0.22852062665957185,-122.68448977939887,-50.782858416372434,-8.786320126014099,0.2006,-0.8775,-0.4288,-0.0766
30,400621.0,149.49576100000002,1.0,2.94,-2.91,-8.85,10.0,-7.5,46.06,2.06,2.25,1.81,-0.1058079653396583,-0.020764545559576183,0.03820214437225111,-122.68448977939887,-50.74480796197109,-8.72885661442212,0.2014,-0.8775,-0.4285,-0.0761
31,400621.0,149.49576100000002,1.0,2.94,-2.91,-8.85,10.0,-7.5,46.06,2.06,2.25,1.81,-0.1058079653396583,-0.020764545559576183,0.03820214437225111,-122.68448977939887,-50.74480796197109,-8.72885661442212,0.2014,-0.8775,-0.4285,-0.0761
32,400656.0,149.512907,1.0,2.74,-2.76,-8.87,10.0,-6.69,46.75,-1.75,-2.19,-1.88,-0.11419151507098185,0.2085934530728193,0.12442148228668692,-122.6606000192726,-50.795543233726846,-8.717364176475899,0.2011,-0.8774,-0.4289,-0.076
33,400656.0,149.512907,1.0,2.74,-2.76,-8.87,10.0,-6.69,46.75,-1.75,-2.19,-1.88,-0.11419151507098185,0.2085934530728193,0.12442148228668692,-122.6606000192726,-50.795543233726846,-8.717364176475899,0.2011,-0.8774,-0.4289,-0.076
34,400693.0,149.559706,1.0,3.09,-2.87,-9.04,8.5,-7.06,46.06,3.88,-0.37,0.94,0.019552371857064488,-0.03356971049846225,-0.16857384607442505,-122.6606000192726,-50.782858416372434,-8.740349140335567,0.201,-0.8774,-0.4288,-0.0762
35,400693.0,149.559706,1.0,3.09,-2.87,-9.04,8.5,-7.06,46.06,3.88,-0.37,0.94,0.019552371857064488,-0.03356971049846225,-0.16857384607442505,-122.6606000192726,-50.782858416372434,-8.740349140335567,0.201,-0.8774,-0.4288,-0.0762
36,400728.0,149.66576899999998,1.0,2.8,-2.88,-8.84,8.5,-7.06,46.06,-2.44,-2.94,-1.56,-0.16193234072907947,0.08350021956126374,0.09857060032679676,-122.63671936413529,-50.820914868829576,-8.648411389524659,0.2012,-0.8773,-0.4291,-0.0754
37,400728.0,149.66576899999998,1.0,2.8,-2.88,-8.84,8.5,-7.06,46.06,-2.44,-2.94,-1.56,-0.16193234072907947,0.08350021956126374,0.09857060032679676,-122.63671936413529,-50.820914868829576,-8.648411389524659,0.2012,-0.8773,-0.4291,-0.0754
38,400760.0,149.68223899999998,1.0,2.97,-2.95,-8.89,10.38,-7.06,46.75,5.44,2.88,2.75,-0.10048819169119104,-0.04108691198067915,-0.01901608373165331,-122.63671936413529,-50.782858416372434,-8.648411389524659,0.2021,-0.8773,-0.4288,-0.0754
39,400760.0,149.68223899999998,1.0,2.97,-2.95,-8.89,10.38,-7.06,46.75,5.44,2.88,2.75,-0.10048819169119104,-0.04108691198067915,-0.01901608373165331,-122.63671936413529,-50.782858416372434,-8.648411389524659,0.2021,-0.8773,-0.4288,-0.0754
40,400795.0,149.68612,1.0,2.85,-2.89,-8.81,10.0,-7.5,47.19,-0.25,-3.31,-0.63,-0.12362577591503265,0.039195124093302385,0.10748094230352477,-122.63671936413529,-50.782858416372434,-8.590953131273462,0.20199999999999999,-0.8773,-0.4288,-0.0749
41,400795.0,149.68612,1.0,2.85,-2.89,-8.81,10.0,-7.5,47.19,-0.25,-3.31,-0.63,-0.12362577591503265,0.039195124093302385,0.10748094230352477,-122.63671936413529,-50.782858416372434,-8.590953131273462,0.20199999999999999,-0.8773,-0.4288,-0.0749
42,400832.0,149.735081,1.0,2.96,-2.74,-8.9,10.0,-6.25,46.06,6.06,-0.56,3.13,0.08419151363904752,0.08451682973224872,0.03603237906511758,-122.6606000192726,-50.74480796197109,-8.510515201802361,0.2026,-0.8774,-0.4285,-0.0742
43,400832.0,149.735081,1.0,2.96,-2.74,-8.9,10.0,-6.25,46.06,6.06,-0.56,3.13,0.08419151363904752,0.08451682973224872,0.03603237906511758,-122.6606000192726,-50.74480796197109,-8.510515201802361,0.2026,-0.8774,-0.4285,-0.0742
44,400865.0,149.75331,1.0,2.74,-2.78,-8.76,10.0,-6.25,46.06,-1.19,0.31,1.37,-0.07451080554746142,0.1684837194626403,0.21813283746998025,-122.70838865597605,-50.681403847895496,-8.453062112264227,0.2032,-0.8776,-0.428,-0.0737
45,400865.0,149.75331,1.0,2.74,-2.78,-8.76,10.0,-6.25,46.06,-1.19,0.31,1.37,-0.07451080554746142,0.1684837194626403,0.21813283746998025,-122.70838865597605,-50.681403847895496,-8.453062112264227,0.2032,-0.8776,-0.428,-0.0737
46,400902.0,149.756396,1.0,3.06,-2.97,-8.86,10.0,-6.69,46.06,9.44,-1.19,2.31,0.0024541088963133677,-0.10609520290886176,-0.02558462826580765,-122.70838865597605,-50.61801634307628,-8.395611151395807,0.2045,-0.8776,-0.4275,-0.0732
47,400902.0,149.756396,1.0,3.06,-2.97,-8.86,10.0,-6.69,46.06,9.44,-1.19,2.31,0.0024541088963133677,-0.10609520290886176,-0.02558462826580765,-122.70838865597605,-50.61801634307628,-8.395611151395807,0.2045,-0.8776,-0.4275,-0.0732
48,400936.0,149.797373,1.0,2.76,-2.84,-8.65,11.19,-6.25,46.38,-5.63,0.5,-1.31,-0.09451768719161556,0.08704213496711488,0.29406937886735385,-122.70838865597605,-50.64336935396991,-8.384121213370948,0.2042,-0.8776,-0.4277,-0.0731
49,400936.0,149.797373,1.0,2.76,-2.84,-8.65,11.19,-6.25,46.38,-5.63,0.5,-1.31,-0.09451768719161556,0.08704213496711488,0.29406937886735385,-122.70838865597605,-50.64336935396991,-8.384121213370948,0.2042,-0.8776,-0.4277,-0.0731
50,400971.0,149.804378,1.0,3.11,-3.02,-8.94,11.19,-6.25,46.38,4.38,0.81,2.69,0.003223374040446925,-0.1332702178235019,-0.1280532496648341,-122.73229666048941,-50.57999179913578,-8.384121213370948,0.2047,-0.8777,-0.4272,-0.0731
51,400971.0,149.804378,1.0,3.11,-3.02,-8.94,11.19,-6.25,46.38,4.38,0.81,2.69,0.003223374040446925,-0.1332702178235019,-0.1280532496648341,-122.73229666048941,-50.57999179913578,-8.384121213370948,0.2047,-0.8777,-0.4272,-0.0731
52,401006.0,149.821922,1.0,2.63,-2.81,-8.8,9.56,-6.0,46.88,-6.56,-1.25,-0.81,-0.14220137545138495,0.2530655045790671,0.20619497853294888,-122.7801400993836,-50.57999179913578,-8.361141590530956,0.2039,-0.8779,-0.4272,-0.0729
53,401006.0,149.821922,1.0,2.63,-2.81,-8.8,9.56,-6.0,46.88,-6.56,-1.25,-0.81,-0.14220137545138495,0.2530655045790671,0.20619497853294888,-122.7801400993836,-50.57999179913578,-8.361141590530956,0.2039,-0.8779,-0.4272,-0.0729
54,401043.0,149.88458799999998,1.0,3.15,-2.87,-8.87,10.0,-6.25,46.38,-2.19,0.56,1.63,0.1314917003857009,-0.12278103737192335,-0.032249061866197685,-122.82802018843607,-50.52930167815198,-8.41859128124216,0.2038,-0.8781,-0.4268,-0.0734
55,401043.0,149.88458799999998,1.0,3.15,-2.87,-8.87,10.0,-6.25,46.38,-2.19,0.56,1.63,0.1314917003857009,-0.12278103737192335,-0.032249061866197685,-122.82802018843607,-50.52930167815198,-8.41859128124216,0.2038,-0.8781,-0.4268,-0.0734
56,401078.0,149.937712,1.0,2.79,-2.9,-8.84,10.0,-6.25,46.38,3.44,-0.31,0.37,-0.11563753581275082,0.1036980031533401,0.09502939968548853,-122.82802018843607,-50.52930167815198,-8.395611151395807,0.2037,-0.8781,-0.4268,-0.0732
57,401078.0,149.937712,1.0,2.79,-2.9,-8.84,10.0,-6.25,46.38,3.44,-0.31,0.37,-0.11563753581275082,0.1036980031533401,0.09502939968548853,-122.82802018843607,-50.52930167815198,-8.395611151395807,0.2037,-0.8781,-0.4268,-0.0732
58,401111.0,150.003074,1.0,2.98,-2.97,-9.0,10.38,-7.06,48.06,-1.0,0.56,-1.5,-0.045442890224500654,-0.006383076448392755,-0.12809681106987547,-122.82802018843607,-50.541973215859535,-8.395611151395807,0.2036,-0.8781,-0.4269,-0.0732
59,401111.0,150.003074,1.0,2.98,-2.97,-9.0,10.38,-7.06,48.06,-1.0,0.56,-1.5,-0.045442890224500654,-0.006383076448392755,-0.12809681106987547,-122.82802018843607,-50.541973215859535,-8.395611151395807,0.2036,-0.8781,-0.4269,-0.0732
60,401145.0,150.00730900000002,1.0,2.77,-3.09,-8.79,10.38,-6.0,46.38,4.06,0.0,1.94,-0.26836664638224944,-0.005889687959557578,0.09001248207821355,-122.82802018843607,-50.503960586262394,-8.349651905481078,0.204,-0.8781,-0.4266,-0.0728
61,401145.0,150.00730900000002,1.0,2.77,-3.09,-8.79,10.38,-6.0,46.38,4.06,0.0,1.94,-0.26836664638224944,-0.005889687959557578,0.09001248207821355,-122.82802018843607,-50.503960586262394,-8.349651905481078,0.204,-0.8781,-0.4266,-0.0728
62,401180.0,150.05476399999998,1.0,2.99,-3.01,-8.9,10.38,-6.0,46.38,-3.44,0.94,-1.25,-0.0612844956275922,-0.0701210729228261,-0.05243348913467116,-122.82802018843607,-50.49129103156368,-8.349651905481078,0.2042,-0.8781,-0.4265,-0.0728
63,401180.0,150.05476399999998,1.0,2.99,-3.01,-8.9,10.38,-6.0,46.38,-3.44,0.94,-1.25,-0.0612844956275922,-0.0701210729228261,-0.05243348913467116,-122.82802018843607,-50.49129103156368,-8.349651905481078,0.2042,-0.8781,-0.4265,-0.0728
64,401213.0,150.073241,1.0,2.97,-2.8,-9.05,9.25,-5.56,46.88,3.31,-1.19,0.06,0.0904031031130228,0.11685910709755708,-0.1201607279244481,-122.82802018843607,-50.52930167815198,-8.361141590530956,0.2038,-0.8781,-0.4268,-0.0729
65,401213.0,150.073241,1.0,2.97,-2.8,-9.05,9.25,-5.56,46.88,3.31,-1.19,0.06,0.0904031031130228,0.11685910709755708,-0.1201607279244481,-122.82802018843607,-50.52930167815198,-8.361141590530956,0.2038,-0.8781,-0.4268,-0.0729
66,401248.0,150.0763,1.0,2.86,-3.01,-8.79,9.69,-6.69,46.88,-1.56,-1.25,-2.38,-0.15070951755698847,-0.031361247891215534,0.08656239167833313,-122.7801400993836,-50.57999179913578,-8.326672787534774,0.2038,-0.8779,-0.4272,-0.0726
67,401248.0,150.0763,1.0,2.86,-3.01,-8.79,9.69,-6.69,46.88,-1.56,-1.25,-2.38,-0.15070951755698847,-0.031361247891215534,0.08656239167833313,-122.7801400993836,-50.57999179913578,-8.326672787534774,0.2038,-0.8779,-0.4272,-0.0726
68,401283.0,150.079444,1.0,2.91,-2.93,-8.96,10.5,-6.69,46.88,1.81,-2.06,-1.75,-0.04537777196226833,0.040748336031084964,-0.05899141001093078,-122.70838865597605,-50.668725019229704,-8.269226458088282,0.2036,-0.8776,-0.4279,-0.0721
69,401283.0,150.079444,1.0,2.91,-2.93,-8.96,10.5,-6.69,46.88,1.81,-2.06,-1.75,-0.04537777196226833,0.040748336031084964,-0.05899141001093078,-122.70838865597605,-50.668725019229704,-8.269226458088282,0.2036,-0.8776,-0.4279,-0.0721
70,401317.0,150.125045,1.0,2.99,-3.36,-9.4,10.5,-6.69,46.88,1.12,-7.31,-7.19,-0.29650790914792025,-0.07814341884095866,-0.60947579925495,-122.58898532309729,-50.833601687099254,-8.142851840335263,0.2036,-0.8771,-0.4292,-0.071
71,401317.0,150.125045,1.0,2.99,-3.36,-9.4,10.5,-6.69,46.88,1.12,-7.31,-7.19,-0.29650790914792025,-0.07814341884095866,-0.60947579925495,-122.58898532309729,-50.833601687099254,-8.142851840335263,0.2036,-0.8771,-0.4292,-0.071
72,401354.0,150.194532,1.0,2.3,-4.55,-9.49,9.69,-6.25,46.88,10.94,-17.0,-31.56,-1.6212517812682834,-0.199823564722776,-0.8415523461575827,-121.8536919796764,-51.723352699323634,-7.717845476549469,0.2035,-0.8740000000000001,-0.4362,-0.0673
73,401354.0,150.194532,1.0,2.3,-4.55,-9.49,9.69,-6.25,46.88,10.94,-17.0,-31.56,-1.6212517812682834,-0.199823564722776,-0.8415523461575827,-121.8536919796764,-51.723352699323634,-7.717845476549469,0.2035,-0.8740000000000001,-0.4362,-0.0673
74,401389.0,150.295882,1.0,2.02,-5.5,-9.18,11.19,-6.0,47.75,-17.31,-30.25,-78.25,-2.679301048365644,-0.6757822453580169,-0.7274595612816572,-120.43103091016366,-53.61572206207956,-7.522608280519941,0.1973,-0.8679,-0.451,-0.0656
75,401389.0,150.295882,1.0,2.02,-5.5,-9.18,11.19,-6.0,47.75,-17.31,-30.25,-78.25,-2.679301048365644,-0.6757822453580169,-0.7274595612816572,-120.43103091016366,-53.61572206207956,-7.522608280519941,0.1973,-0.8679,-0.451,-0.0656
76,401424.0,150.301949,1.0,1.79,-8.38,-7.2,11.19,-6.0,47.75,-49.5,-51.13,-81.12,-5.669568883190805,-2.8176485789870824,0.5770592634566594,-118.16321281406336,-57.09667459203971,-7.315910364212048,0.1776,-0.8579,-0.4779,-0.0638
77,401424.0,150.301949,1.0,1.79,-8.38,-7.2,11.19,-6.0,47.75,-49.5,-51.13,-81.12,-5.669568883190805,-2.8176485789870824,0.5770592634566594,-118.16321281406336,-57.09667459203971,-7.315910364212048,0.1776,-0.8579,-0.4779,-0.0638
78,401459.0,150.314429,1.0,0.79,-5.19,-7.54,13.38,-5.56,45.56,-189.44,-116.81,-97.62,-4.121019695020332,-1.0923564299582793,1.6681148674848512,-116.85974265280859,-60.90182687258211,-7.315910364212048,0.115,-0.852,-0.5068,-0.0638
79,401459.0,150.314429,1.0,0.79,-5.19,-7.54,13.38,-5.56,45.56,-189.44,-116.81,-97.62,-4.121019695020332,-1.0923564299582793,1.6681148674848512,-116.85974265280859,-60.90182687258211,-7.315910364212048,0.115,-0.852,-0.5068,-0.0638
80,401496.0,150.374617,1.0,-3.19,-4.6,-4.62,15.38,-8.19,45.19,-166.56,-149.75,-107.69,-5.6982710992359875,1.541538081182496,5.583633681789035,-115.23680905302649,-63.98388526065868,-6.454917855397503,0.054000000000000006,-0.8445,-0.5298,-0.0563
81,401496.0,150.374617,1.0,-3.19,-4.6,-4.62,15.38,-8.19,45.19,-166.56,-149.75,-107.69,-5.6982710992359875,1.541538081182496,5.583633681789035,-115.23680905302649,-63.98388526065868,-6.454917855397503,0.054000000000000006,-0.8445,-0.5298,-0.0563
82,401530.0,150.464239,1.0,-2.43,-1.29,-4.62,15.38,-8.19,45.19,-251.13,-102.5,-118.44,-2.780456410772305,1.8624252796407623,5.597869389710337,-111.31904975679159,-67.93188335325443,-7.913105112625811,-0.0349,-0.8257,-0.5587,-0.069
83,401530.0,150.464239,1.0,-2.43,-1.29,-4.62,15.38,-8.19,45.19,-251.13,-102.5,-118.44,-2.780456410772305,1.8624252796407623,5.597869389710337,-111.31904975679159,-67.93188335325443,-7.913105112625811,-0.0349,-0.8257,-0.5587,-0.069
84,401565.0,150.509895,1.0,-4.43,4.4,-5.15,23.5,-13.75,41.19,-243.69,-27.44,-147.38,1.2878042726455994,5.2705935539540025,3.8008358383417953,-106.71980105429785,-71.0277375402144,-10.591876570929834,-0.10099999999999999,-0.8024,-0.5809,-0.0923
85,401565.0,150.509895,1.0,-4.43,4.4,-5.15,23.5,-13.75,41.19,-243.69,-27.44,-147.38,1.2878042726455994,5.2705935539540025,3.8008358383417953,-106.71980105429785,-71.0277375402144,-10.591876570929834,-0.10099999999999999,-0.8024,-0.5809,-0.0923
86,401602.0,150.525818,1.0,1.83,2.14,-8.97,30.5,-21.0,36.19,-167.38,-7.06,-203.38,-1.0741472006308137,-2.0530315719508274,0.6950821241649017,-98.41840599370691,-77.1590095835216,-14.315313760812993,-0.1495,-0.7571,-0.6236,-0.1246
87,401602.0,150.525818,1.0,1.83,2.14,-8.97,30.5,-21.0,36.19,-167.38,-7.06,-203.38,-1.0741472006308137,-2.0530315719508274,0.6950821241649017,-98.41840599370691,-77.1590095835216,-14.315313760812993,-0.1495,-0.7571,-0.6236,-0.1246
88,401637.0,150.528639,1.0,-8.77,10.96,-5.69,34.75,-22.5,32.38,-253.0,-139.69,-121.19,5.737284860287336,8.79868782646537,-1.1056025156050122,-92.73822662555115,-80.04673804640113,-15.274409087771584,-0.2117,-0.7238,-0.6431,-0.1329
89,401637.0,150.528639,1.0,-8.77,10.96,-5.69,34.75,-22.5,32.38,-253.0,-139.69,-121.19,5.737284860287336,8.79868782646537,-1.1056025156050122,-92.73822662555115,-80.04673804640113,-15.274409087771584,-0.2117,-0.7238,-0.6431,-0.1329
90,401672.0,150.53149399999998,1.0,-9.11,16.27,-2.66,34.75,-22.5,32.38,20.5,151.0,-21.0,10.76288498399109,9.548778938034896,-2.3490781811465453,-89.98269667432403,-79.6283867646292,-19.284990927591146,-0.2493,-0.7070000000000001,-0.6403,-0.1675
91,401672.0,150.53149399999998,1.0,-9.11,16.27,-2.66,34.75,-22.5,32.38,20.5,151.0,-21.0,10.76288498399109,9.548778938034896,-2.3490781811465453,-89.98269667432403,-79.6283867646292,-19.284990927591146,-0.2493,-0.7070000000000001,-0.6403,-0.1675
92,401709.0,150.573352,1.0,7.81,4.45,-10.53,42.5,-26.0,24.5,-50.63,161.81,-139.75,-2.0258309563634693,-8.238169495840676,-1.1344684206204274,-85.93759911863056,-84.07240023072654,-22.38430579933233,-0.2224,-0.6816,-0.6696,-0.1941
93,401709.0,150.573352,1.0,7.81,4.45,-10.53,42.5,-26.0,24.5,-50.63,161.81,-139.75,-2.0258309563634693,-8.238169495840676,-1.1344684206204274,-85.93759911863056,-84.07240023072654,-22.38430579933233,-0.2224,-0.6816,-0.6696,-0.1941
94,401745.0,150.634557,1.0,-4.78,13.91,-6.7,39.19,-23.87,29.25,-200.81,-173.25,20.5,6.372133791878285,3.5236547589861584,-4.6227043888102335,-81.88480291681634,-84.61355507220527,-24.186105170420962,-0.2714,-0.6553,-0.6731,-0.2095
95,401745.0,150.634557,1.0,-4.78,13.91,-6.7,39.19,-23.87,29.25,-200.81,-173.25,20.5,6.372133791878285,3.5236547589861584,-4.6227043888102335,-81.88480291681634,-84.61355507220527,-24.186105170420962,-0.2714,-0.6553,-0.6731,-0.2095
96,401780.0,150.710519,1.0,-4.68,13.97,-4.54,39.19,-23.87,29.25,45.19,107.5,66.81,7.674168004158371,4.312660625504119,-2.849692432676916,-83.47209982838507,-82.98163371130366,-26.13514108768563,-0.2585,-0.6657,-0.6625,-0.2261
97,401780.0,150.710519,1.0,-4.68,13.97,-4.54,39.19,-23.87,29.25,45.19,107.5,66.81,7.674168004158371,4.312660625504119,-2.849692432676916,-83.47209982838507,-82.98163371130366,-26.13514108768563,-0.2585,-0.6657,-0.6625,-0.2261
98,401815.0,150.71358700000002,1.0,5.88,6.45,-11.28,43.25,-24.75,23.25,42.88,130.06,-26.0,-2.0252096214287616,-5.543440763977681,-3.1773436262131245,-82.24939344216158,-85.74981673368876,-27.737669605365127,-0.217,-0.6577,-0.6804,-0.2397
99,401815.0,150.71358700000002,1.0,5.88,6.45,-11.28,43.25,-24.75,23.25,42.88,130.06,-26.0,-2.0252096214287616,-5.543440763977681,-3.1773436262131245,-82.24939344216158,-85.74981673368876,-27.737669605365127,-0.217,-0.6577,-0.6804,-0.2397
100,401852.0,150.754213,1.0,-0.39,10.83,-9.08,38.69,-23.56,28.25,-59.31,-51.75,-24.06,2.6509977215180247,0.3003506438366497,-4.077492053841612,-81.12844881454608,-85.89062667972252,-28.257305549296962,-0.2311,-0.6503,-0.6813,-0.2441
101,401852.0,150.754213,1.0,-0.39,10.83,-9.08,38.69,-23.56,28.25,-59.31,-51.75,-24.06,2.6509977215180247,0.3003506438366497,-4.077492053841612,-81.12844881454608,-85.89062667972252,-28.257305549296962,-0.2311,-0.6503,-0.6813,-0.2441
102,401887.0,150.771591,1.0,-0.14,10.66,-8.6,37.56,-22.19,27.75,35.75,36.0,-12.69,2.8536754533158715,-0.009492739848240284,-3.5900528143133967,-80.7067534127589,-86.42403683122414,-28.174596802852534,-0.2296,-0.6475,-0.6847,-0.2434
103,401887.0,150.771591,1.0,-0.14,10.66,-8.6,37.56,-22.19,27.75,35.75,36.0,-12.69,2.8536754533158715,-0.009492739848240284,-3.5900528143133967,-80.7067534127589,-86.42403683122414,-28.174596802852534,-0.2296,-0.6475,-0.6847,-0.2434
104,401922.0,150.818726,1.0,2.11,7.36,-10.05,37.56,-22.19,27.75,79.62,48.44,-11.69,-0.1546804422886109,-1.84262240832596,-2.6915505353214098,-80.54144798375755,-88.32568102255905,-27.230405140191408,-0.2034,-0.6464,-0.6967,-0.2354
105,401922.0,150.818726,1.0,2.11,7.36,-10.05,37.56,-22.19,27.75,79.62,48.44,-11.69,-0.1546804422886109,-1.84262240832596,-2.6915505353214098,-80.54144798375755,-88.32568102255905,-27.230405140191408,-0.2034,-0.6464,-0.6967,-0.2354
106,401956.0,150.836648,1.0,1.57,8.42,-10.35,36.88,-21.5,27.69,39.06,-5.44,-20.87,0.9027609181125382,-1.4181341531829204,-3.5221803405927097,-80.55646739590921,-89.17537067204425,-26.09985097880343,-0.1953,-0.6465,-0.7020000000000001,-0.2258
107,401956.0,150.836648,1.0,1.57,8.42,-10.35,36.88,-21.5,27.69,39.06,-5.44,-20.87,0.9027609181125382,-1.4181341531829204,-3.5221803405927097,-80.55646739590921,-89.17537067204425,-26.09985097880343,-0.1953,-0.6465,-0.7020000000000001,-0.2258
108,401993.0,150.839733,1.0,-0.67,9.48,-10.21,35.38,-19.37,30.56,65.25,-26.56,-16.69,2.4878176227548034,0.3705394887868492,-3.913294021866863,-80.30136362645774,-90.51865879287712,-23.928344197778117,-0.1915,-0.6448,-0.7103,-0.2073
109,401993.0,150.839733,1.0,-0.67,9.48,-10.21,35.38,-19.37,30.56,65.25,-26.56,-16.69,2.4878176227548034,0.3705394887868492,-3.913294021866863,-80.30136362645774,-90.51865879287712,-23.928344197778117,-0.1915,-0.6448,-0.7103,-0.2073
110,402030.0,150.88537,1.0,0.44,8.54,-10.63,35.38,-19.37,30.56,125.56,34.13,9.44,2.084939208843484,-0.6222242616438161,-3.6613849518275683,-81.05304885614035,-91.35198041570484,-21.987276416568136,-0.1721,-0.6498,-0.7154,-0.1907
111,402030.0,150.88537,1.0,0.44,8.54,-10.63,35.38,-19.37,30.56,125.56,34.13,9.44,2.084939208843484,-0.6222242616438161,-3.6613849518275683,-81.05304885614035,-91.35198041570484,-21.987276416568136,-0.1721,-0.6498,-0.7154,-0.1907
112,402063.0,150.903739,1.0,1.64,6.42,-11.24,35.06,-18.19,31.75,143.75,10.19,1.94,1.1822565476658309,-1.4841473920031871,-3.1023846646955544,-82.17335373167707,-92.90442546813145,-18.483448143006754,-0.1304,-0.6572,-0.7248,-0.1606
113,402063.0,150.903739,1.0,1.64,6.42,-11.24,35.06,-18.19,31.75,143.75,10.19,1.94,1.1822565476658309,-1.4841473920031871,-3.1023846646955544,-82.17335373167707,-92.90442546813145,-18.483448143006754,-0.1304,-0.6572,-0.7248,-0.1606
114,402100.0,150.90701,1.0,0.29,7.45,-11.36,31.69,-14.56,33.0,127.75,-13.44,-13.06,3.3752568030032077,-0.4583865922923835,-3.3475783409475297,-82.67603357506403,-94.26013087807388,-14.46546520944767,-0.1035,-0.6605,-0.7329,-0.1259
115,402100.0,150.90701,1.0,0.29,7.45,-11.36,31.69,-14.56,33.0,127.75,-13.44,-13.06,3.3752568030032077,-0.4583865922923835,-3.3475783409475297,-82.67603357506403,-94.26013087807388,-14.46546520944767,-0.1035,-0.6605,-0.7329,-0.1259
116,402137.0,150.951918,1.0,-0.25,5.73,-9.88,32.19,-10.75,33.38,207.31,14.0,19.87,3.2643888324027213,0.09976153850799996,-1.1406607741727566,-83.53353964844825,-94.83435769046784,-10.753003071870054,-0.0735,-0.6661,-0.7363,-0.0937
117,402137.0,150.951918,1.0,-0.25,5.73,-9.88,32.19,-10.75,33.38,207.31,14.0,19.87,3.2643888324027213,0.09976153850799996,-1.1406607741727566,-83.53353964844825,-94.83435769046784,-10.753003071870054,-0.0735,-0.6661,-0.7363,-0.0937
118,402169.0,150.970649,1.0,2.09,2.56,-10.32,32.19,-10.75,33.38,227.13,33.56,9.31,1.5056722673498013,-1.8448297784191263,-0.7647100880866677,-84.45870287953169,-95.30961142661364,-5.0551272004985615,-0.0145,-0.6721,-0.7391,-0.0441
119,402169.0,150.970649,1.0,2.09,2.56,-10.32,32.19,-10.75,33.38,227.13,33.56,9.31,1.5056722673498013,-1.8448297784191263,-0.7647100880866677,-84.45870287953169,-95.30961142661364,-5.0551272004985615,-0.0145,-0.6721,-0.7391,-0.0441
120,402206.0,150.973927,1.0,1.01,1.51,-10.27,29.87,-5.5,35.38,191.63,-32.0,-12.25,1.6147673374719462,-0.8413299762973347,-0.4626143512968994,-83.96444589128727,-96.0094493123457,-0.5156637559929028,0.0184,-0.6689,-0.7432,-0.0045
121,402206.0,150.973927,1.0,1.01,1.51,-10.27,29.87,-5.5,35.38,191.63,-32.0,-12.25,1.6147673374719462,-0.8413299762973347,-0.4626143512968994,-83.96444589128727,-96.0094493123457,-0.5156637559929028,0.0184,-0.6689,-0.7432,-0.0045
122,402243.0,151.014221,1.0,0.98,2.02,-9.24,28.37,2.06,35.5,202.25,-46.69,13.56,3.1991780717693725,-1.326327370186399,0.9508882951998759,-83.99528064351469,-95.41173288452471,6.156528060600895,0.0471,-0.6691,-0.7397,0.0537
123,402243.0,151.014221,1.0,0.98,2.02,-9.24,28.37,2.06,35.5,202.25,-46.69,13.56,3.1991780717693725,-1.326327370186399,0.9508882951998759,-83.99528064351469,-95.41173288452471,6.156528060600895,0.0471,-0.6691,-0.7397,0.0537
124,402278.0,151.021778,1.0,1.0,-0.65,-8.06,28.37,2.06,35.5,210.5,-80.06,-6.25,1.2156032203320577,-1.421145495110693,1.8764069840234436,-83.39534135240477,-94.783564940407,11.973676148985312,0.0699,-0.6652,-0.736,0.1043
125,402278.0,151.021778,1.0,1.0,-0.65,-8.06,28.37,2.06,35.5,210.5,-80.06,-6.25,1.2156032203320577,-1.421145495110693,1.8764069840234436,-83.39534135240477,-94.783564940407,11.973676148985312,0.0699,-0.6652,-0.736,0.1043
126,402311.0,151.040402,1.0,-0.13,-3.28,-7.21,29.87,7.25,34.0,211.38,-72.62,-30.0,-0.3232685429548854,-0.4513523393284555,1.9040441946394304,-80.96262485016383,-94.42869817988995,19.912948378447748,0.0995,-0.6492,-0.7339,0.1729
127,402311.0,151.040402,1.0,-0.13,-3.28,-7.21,29.87,7.25,34.0,211.38,-72.62,-30.0,-0.3232685429548854,-0.4513523393284555,1.9040441946394304,-80.96262485016383,-94.42869817988995,19.912948378447748,0.0995,-0.6492,-0.7339,0.1729
128,402348.0,151.083977,1.0,-1.57,-3.45,-5.79,32.25,14.5,30.37,178.19,-61.88,-21.19,-0.1908666008019372,0.9021385272948824,2.9479900712479896,-79.10723062788524,-93.87343555520519,25.018825462277388,0.1174,-0.6368,-0.7306,0.2166
129,402348.0,151.083977,1.0,-1.57,-3.45,-5.79,32.25,14.5,30.37,178.19,-61.88,-21.19,-0.1908666008019372,0.9021385272948824,2.9479900712479896,-79.10723062788524,-93.87343555520519,25.018825462277388,0.1174,-0.6368,-0.7306,0.2166
130,402384.0,151.143803,1.0,-1.87,-3.27,-4.91,33.75,18.56,26.37,213.0,12.63,-16.87,0.3439069361448478,1.155351325809987,3.736658951141642,-77.11504093610934,-92.15850909816106,30.66260751391823,0.1511,-0.6233,-0.7203,0.2644
131,402384.0,151.143803,1.0,-1.87,-3.27,-4.91,33.75,18.56,26.37,213.0,12.63,-16.87,0.3439069361448478,1.155351325809987,3.736658951141642,-77.11504093610934,-92.15850909816106,30.66260751391823,0.1511,-0.6233,-0.7203,0.2644
132,402419.0,151.161029,1.0,0.31,-6.79,-5.35,33.75,18.56,26.37,203.38,15.19,-16.94,-1.7628504959500602,-0.8440767042850581,1.3803463829795517,-75.49749569312627,-89.93409723395683,34.85514889719688,0.1897,-0.6122,-0.7067,0.2995
133,402419.0,151.161029,1.0,0.31,-6.79,-5.35,33.75,18.56,26.37,203.38,15.19,-16.94,-1.7628504959500602,-0.8440767042850581,1.3803463829795517,-75.49749569312627,-89.93409723395683,34.85514889719688,0.1897,-0.6122,-0.7067,0.2995
134,402456.0,151.222771,1.0,-0.39,-7.1,-4.44,33.0,23.37,22.37,165.69,-24.37,-5.38,-1.526376254430036,-0.12334830744671388,1.5646441321931714,-73.21072347606676,-87.54552779768291,39.826867038243506,0.2235,-0.5963,-0.6918,0.3406
135,402456.0,151.222771,1.0,-0.39,-7.1,-4.44,33.0,23.37,22.37,165.69,-24.37,-5.38,-1.526376254430036,-0.12334830744671388,1.5646441321931714,-73.21072347606676,-87.54552779768291,39.826867038243506,0.2235,-0.5963,-0.6918,0.3406
136,402491.0,151.226249,1.0,-0.4,-6.28,-3.75,32.25,29.19,18.75,130.56,-19.37,-12.31,-0.7938117252608776,-0.18409174549859264,2.5267548651730127,-70.94329161439869,-85.42188290417067,44.27121519182589,0.2473,-0.5803,-0.6783,0.3768
137,402491.0,151.226249,1.0,-0.4,-6.28,-3.75,32.25,29.19,18.75,130.56,-19.37,-12.31,-0.7938117252608776,-0.18409174549859264,2.5267548651730127,-70.94329161439869,-85.42188290417067,44.27121519182589,0.2473,-0.5803,-0.6783,0.3768
138,402526.0,151.269431,1.0,-2.15,-5.79,-2.83,32.25,29.19,18.75,134.63,-7.38,-4.44,-0.4277089368112317,1.6311527391792486,3.225471852674109,-69.31924492932319,-83.87198638988208,47.0813498800656,0.2654,-0.5687,-0.6683,0.3994
139,402526.0,151.269431,1.0,-2.15,-5.79,-2.83,32.25,29.19,18.75,134.63,-7.38,-4.44,-0.4277089368112317,1.6311527391792486,3.225471852674109,-69.31924492932319,-83.87198638988208,47.0813498800656,0.2654,-0.5687,-0.6683,0.3994
140,402561.0,151.331696,1.0,-0.4,-7.1,-2.99,32.25,31.25,14.5,160.38,24.31,7.94,-0.5993821818531495,-0.23710376976260594,2.1193472999340432,-67.82138560708218,-80.04673804640113,51.125583264636,0.2984,-0.5579,-0.6431,0.4315
141,402561.0,151.331696,1.0,-0.4,-7.1,-2.99,32.25,31.25,14.5,160.38,24.31,7.94,-0.5993821818531495,-0.23710376976260594,2.1193472999340432,-67.82138560708218,-80.04673804640113,51.125583264636,0.2984,-0.5579,-0.6431,0.4315
142,402595.0,151.350186,1.0,-0.2,-8.56,-1.25,31.25,33.88,12.0,143.56,10.19,2.06,-2.1923103950151392,-0.20314507336115994,1.4383403014361582,-66.45982503485911,-77.23232058732376,54.14273717736637,0.3209,-0.5479999999999999,-0.6241,0.4551
143,402595.0,151.350186,1.0,-0.2,-8.56,-1.25,31.25,33.88,12.0,143.56,10.19,2.06,-2.1923103950151392,-0.20314507336115994,1.4383403014361582,-66.45982503485911,-77.23232058732376,54.14273717736637,0.3209,-0.5479999999999999,-0.6241,0.4551
144,402632.0,151.39549399999999,1.0,-0.52,-9.46,-0.71,31.25,33.88,12.0,109.44,-3.69,-24.94,-2.2853072256307274,0.16657107932544868,0.5862527764519605,-64.28137325688984,-75.17900592971374,56.88805338503149,0.3434,-0.532,-0.61,0.4763
145,402632.0,151.39549399999999,1.0,-0.52,-9.46,-0.71,31.25,33.88,12.0,109.44,-3.69,-24.94,-2.2853072256307274,0.16657107932544868,0.5862527764519605,-64.28137325688984,-75.17900592971374,56.88805338503149,0.3434,-0.532,-0.61,0.4763
146,402667.0,151.413591,1.0,-1.7,-8.41,0.27,32.38,36.0,8.88,76.5,-1.69,3.5,-2.3176561502823665,1.5113909059948352,1.6804474737067725,-63.16153810810004,-74.08395810619946,58.39216848405749,0.3533,-0.5237,-0.6024,0.4878
147,402667.0,151.413591,1.0,-1.7,-8.41,0.27,32.38,36.0,8.88,76.5,-1.69,3.5,-2.3176561502823665,1.5113909059948352,1.6804474737067725,-63.16153810810004,-74.08395810619946,58.39216848405749,0.3533,-0.5237,-0.6024,0.4878
148,402702.0,151.459661,1.0,-1.47,-7.94,-0.29,30.87,37.06,6.19,73.87,24.75,3.5,-1.3475535465759243,1.0798166357997632,1.9131909691212847,-62.59743692135864,-71.7614760712347,59.88094864187493,0.3708,-0.5195,-0.5861,0.4991
149,402702.0,151.459661,1.0,-1.47,-7.94,-0.29,30.87,37.06,6.19,73.87,24.75,3.5,-1.3475535465759243,1.0798166357997632,1.9131909691212847,-62.59743692135864,-71.7614760712347,59.88094864187493,0.3708,-0.5195,-0.5861,0.4991
150,402737.0,151.478491,1.0,-0.92,-9.09,-0.09,31.56,38.5,3.38,88.69,48.63,6.56,-1.5658132919603311,0.4400621379048113,0.8157004367167621,-62.3829855554336,-69.54229663061771,60.84866331035058,0.3874,-0.5179,-0.5703,0.5064
151,402737.0,151.478491,1.0,-0.92,-9.09,-0.09,31.56,38.5,3.38,88.69,48.63,6.56,-1.5658132919603311,0.4400621379048113,0.8157004367167621,-62.3829855554336,-69.54229663061771,60.84866331035058,0.3874,-0.5179,-0.5703,0.5064
152,402771.0,151.522274,1.0,0.33,-9.53,-0.76,31.56,38.5,3.38,56.31,33.94,5.69,-0.8005964783443722,-1.0079868528872646,0.32770450045897626,-62.235691121359,-67.21492107332485,61.67434029817293,0.4047,-0.5168,-0.5535,0.5126
153,402771.0,151.522274,1.0,0.33,-9.53,-0.76,31.56,38.5,3.38,56.31,33.94,5.69,-0.8005964783443722,-1.0079868528872646,0.32770450045897626,-62.235691121359,-67.21492107332485,61.67434029817293,0.4047,-0.5168,-0.5535,0.5126
154,402806.0,151.57991,1.0,-0.32,-9.44,-0.4,32.0,38.38,3.5,26.25,-3.88,-8.81,-0.8740744753146141,-0.2997898902132521,0.3980305564615687,-61.64765035653756,-66.65172039063913,62.208922599840776,0.4106,-0.5124,-0.5494,0.5166
155,402806.0,151.57991,1.0,-0.32,-9.44,-0.4,32.0,38.38,3.5,26.25,-3.88,-8.81,-0.8740744753146141,-0.2997898902132521,0.3980305564615687,-61.64765035653756,-66.65172039063913,62.208922599840776,0.4106,-0.5124,-0.5494,0.5166
156,402843.0,151.596095,1.0,-1.52,-7.85,-0.02,31.25,38.25,2.38,19.06,-1.44,-0.81,-0.7528479396254792,1.0318351710383098,1.9134987814048532,-61.18117407576951,-66.26813997300863,62.704754110255,0.4142,-0.5089,-0.5466,0.5203
157,402843.0,151.596095,1.0,-1.52,-7.85,-0.02,31.25,38.25,2.38,19.06,-1.44,-0.81,-0.7528479396254792,1.0318351710383098,1.9134987814048532,-61.18117407576951,-66.26813997300863,62.704754110255,0.4142,-0.5089,-0.5466,0.5203
158,402878.0,151.599045,1.0,-0.45,-9.34,-0.01,31.25,38.25,2.38,54.13,20.12,5.63,-0.8713304229078287,-0.16081454188602162,0.4978841324301619,-60.861952842422134,-65.02722926644273,63.34995089580225,0.4227,-0.5065,-0.5375,0.5251
159,402878.0,151.599045,1.0,-0.45,-9.34,-0.01,31.25,38.25,2.38,54.13,20.12,5.63,-0.8713304229078287,-0.16081454188602162,0.4978841324301619,-60.861952842422134,-65.02722926644273,63.34995089580225,0.4227,-0.5065,-0.5375,0.5251
160,402911.0,151.657026,1.0,0.25,-10.24,0.04,30.5,38.88,0.75,34.0,8.0,7.19,-0.8434235700622632,-0.9855148174052236,-0.3540142118583081,-60.52998522199608,-63.75433829250864,64.18666547503379,0.4299,-0.504,-0.5281,0.5313
161,402911.0,151.657026,1.0,0.25,-10.24,0.04,30.5,38.88,0.75,34.0,8.0,7.19,-0.8434235700622632,-0.9855148174052236,-0.3540142118583081,-60.52998522199608,-63.75433829250864,64.18666547503379,0.4299,-0.504,-0.5281,0.5313
162,402948.0,151.701143,1.0,-1.52,-9.32,0.74,31.25,38.5,0.5,2.38,-24.5,-1.69,-1.1972159538170024,0.9304280937975912,0.4567100257435772,-60.02646555170329,-63.94335613096246,64.64713688163303,0.4284,-0.5002,-0.5295,0.5347
163,402948.0,151.701143,1.0,-1.52,-9.32,0.74,31.25,38.5,0.5,2.38,-24.5,-1.69,-1.1972159538170024,0.9304280937975912,0.4567100257435772,-60.02646555170329,-63.94335613096246,64.64713688163303,0.4284,-0.5002,-0.5295,0.5347
164,402982.0,151.72293200000001,1.0,-0.92,-9.22,0.8,30.87,38.5,-0.25,30.25,12.5,7.63,-1.191810730585902,0.2949915746143974,0.5877906804655701,-59.788402375885155,-63.17498984222817,65.25839194352429,0.4319,-0.4984,-0.5238,0.5392
165,402982.0,151.72293200000001,1.0,-0.92,-9.22,0.8,30.87,38.5,-0.25,30.25,12.5,7.63,-1.191810730585902,0.2949915746143974,0.5877906804655701,-59.788402375885155,-63.17498984222817,65.25839194352429,0.4319,-0.4984,-0.5238,0.5392
166,403017.0,151.774171,1.0,-0.34,-10.64,0.93,30.87,38.5,-0.25,10.63,-4.69,5.69,-1.3438496605565584,-0.4307684626082704,-0.7857343690381686,-59.60343856980716,-62.516989117670676,65.76254695121683,0.4347,-0.49700000000000005,-0.5189,0.5429
167,403017.0,151.774171,1.0,-0.34,-10.64,0.93,30.87,38.5,-0.25,10.63,-4.69,5.69,-1.3438496605565584,-0.4307684626082704,-0.7857343690381686,-59.60343856980716,-62.516989117670676,65.76254695121683,0.4347,-0.49700000000000005,-0.5189,0.5429
168,403052.0,151.85271200000003,1.0,-1.44,-9.51,1.32,31.56,38.75,-0.25,-10.25,-17.81,-0.88,-1.5763551241662896,0.8175951523677387,0.2618743248288187,-59.39226049534915,-63.01363300906978,65.92636443455984,0.4304,-0.4954,-0.5226,0.5441
169,403052.0,151.85271200000003,1.0,-1.44,-9.51,1.32,31.56,38.75,-0.25,-10.25,-17.81,-0.88,-1.5763551241662896,0.8175951523677387,0.2618743248288187,-59.39226049534915,-63.01363300906978,65.92636443455984,0.4304,-0.4954,-0.5226,0.5441
170,403089.0,151.94472199999998,1.0,-1.53,-9.29,1.38,31.56,38.75,-1.06,-5.06,5.44,3.06,-1.6431091655693817,0.9255156416064184,0.4796454933449414,-59.56382572725951,-63.05395914548726,65.81713593554738,0.4297,-0.4967,-0.5229,0.5433
171,403089.0,151.94472199999998,1.0,-1.53,-9.29,1.38,31.56,38.75,-1.06,-5.06,5.44,3.06,-1.6431091655693817,0.9255156416064184,0.4796454933449414,-59.56382572725951,-63.05395914548726,65.81713593554738,0.4297,-0.4967,-0.5229,0.5433
172,403122.0,151.959885,1.0,-0.9,-9.4,1.54,31.56,38.75,-1.06,-8.0,8.38,0.88,-1.9503179089917224,0.3077869054767399,0.44485918441972494,-59.973537976801865,-63.04051613304179,65.44898558136794,0.4298,-0.4998,-0.5228,0.5406
173,403122.0,151.959885,1.0,-0.9,-9.4,1.54,31.56,38.75,-1.06,-8.0,8.38,0.88,-1.9503179089917224,0.3077869054767399,0.44485918441972494,-59.973537976801865,-63.04051613304179,65.44898558136794,0.4298,-0.4998,-0.5228,0.5406
174,403156.0,152.012607,1.0,-0.48,-9.64,1.81,32.0,39.5,-1.37,-23.19,8.81,4.5,-2.3757449060121223,-0.10761654748185023,0.2787774766994513,-60.52998522199608,-63.09429398938783,64.95929683143846,0.4289,-0.504,-0.5232,0.537
175,403156.0,152.012607,1.0,-0.48,-9.64,1.81,32.0,39.5,-1.37,-23.19,8.81,4.5,-2.3757449060121223,-0.10761654748185023,0.2787774766994513,-60.52998522199608,-63.09429398938783,64.95929683143846,0.4289,-0.504,-0.5232,0.537
176,403193.0,152.021859,1.0,-0.57,-9.77,1.79,30.87,38.06,0.06,-45.81,8.0,-8.5,-2.5427584265311878,0.017853747613615134,0.1881282410184859,-61.27437923360549,-63.673390007198286,63.83532215478704,0.4274,-0.5096,-0.5275,0.5287
177,403193.0,152.021859,1.0,-0.57,-9.77,1.79,30.87,38.06,0.06,-45.81,8.0,-8.5,-2.5427584265311878,0.017853747613615134,0.1881282410184859,-61.27437923360549,-63.673390007198286,63.83532215478704,0.4274,-0.5096,-0.5275,0.5287
178,403228.0,152.036892,1.0,-0.6,-8.95,1.54,30.87,38.06,0.06,-66.0,11.81,3.75,-2.358443446344875,0.10916660328265593,1.016887365939816,-61.7677843434822,-64.18666547503379,63.12118872806756,0.4246,-0.5133,-0.5313,0.5234
179,403228.0,152.036892,1.0,-0.6,-8.95,1.54,30.87,38.06,0.06,-66.0,11.81,3.75,-2.358443446344875,0.10916660328265593,1.016887365939816,-61.7677843434822,-64.18666547503379,63.12118872806756,0.4246,-0.5133,-0.5313,0.5234
180,403261.0,152.040001,1.0,-0.39,-9.13,1.02,31.25,38.38,0.56,-59.31,16.31,8.5,-2.255514175424006,-0.1900581085450117,0.8945271485219237,-63.51159981899281,-65.06800105005402,61.420935291391004,0.4159,-0.5263,-0.5378,0.5107
181,403261.0,152.040001,1.0,-0.39,-9.13,1.02,31.25,38.38,0.56,-59.31,16.31,8.5,-2.255514175424006,-0.1900581085450117,0.8945271485219237,-63.51159981899281,-65.06800105005402,61.420935291391004,0.4159,-0.5263,-0.5378,0.5107
182,403298.0,152.086368,1.0,-0.7,-9.96,1.76,30.87,37.69,3.75,-78.69,19.81,9.81,-3.4179405239840426,0.08968806358001302,0.2620788401333094,-65.25839194352429,-65.55798771264952,59.76196847937517,0.4097,-0.5392,-0.5414,0.4982
183,403298.0,152.086368,1.0,-0.7,-9.96,1.76,30.87,37.69,3.75,-78.69,19.81,9.81,-3.4179405239840426,0.08968806358001302,0.2620788401333094,-65.25839194352429,-65.55798771264952,59.76196847937517,0.4097,-0.5392,-0.5414,0.4982
184,403333.0,152.104953,1.0,0.18,-8.96,0.3,31.56,37.69,6.19,-108.5,17.19,12.69,-2.480254574361496,-0.8817671409611894,1.2349043227484824,-68.15309455975414,-66.95369808518734,56.861990212559824,0.3938,-0.5603,-0.5516,0.4761
185,403333.0,152.104953,1.0,0.18,-8.96,0.3,31.56,37.69,6.19,-108.5,17.19,12.69,-2.480254574361496,-0.8817671409611894,1.2349043227484824,-68.15309455975414,-66.95369808518734,56.861990212559824,0.3938,-0.5603,-0.5516,0.4761
186,403367.0,152.146596,1.0,-0.9,-9.14,0.76,31.56,37.69,6.19,-125.75,10.31,0.94,-3.4041687088716897,0.2543658465812051,1.2466188424847484,-69.83551038215226,-68.73515523864087,54.683894003775556,0.3779,-0.5724,-0.5645,0.4593
187,403367.0,152.146596,1.0,-0.9,-9.14,0.76,31.56,37.69,6.19,-125.75,10.31,0.94,-3.4041687088716897,0.2543658465812051,1.2466188424847484,-69.83551038215226,-68.73515523864087,54.683894003775556,0.3779,-0.5724,-0.5645,0.4593
188,403404.0,152.15391599999998,1.0,-1.16,-7.81,-0.31,31.56,36.19,9.75,-120.62,29.37,17.19,-2.667654561588043,0.4951895117107243,2.3853154510438466,-73.21072347606676,-70.56383173343356,50.960506625011796,0.3546,-0.5963,-0.5776,0.4302
189,403404.0,152.15391599999998,1.0,-1.16,-7.81,-0.31,31.56,36.19,9.75,-120.62,29.37,17.19,-2.667654561588043,0.4951895117107243,2.3853154510438466,-73.21072347606676,-70.56383173343356,50.960506625011796,0.3546,-0.5963,-0.5776,0.4302
190,403439.0,152.210034,1.0,0.19,-7.7,-0.66,32.38,33.56,13.0,-151.0,34.44,24.0,-2.8509095043272388,-0.9031773864750798,2.6779554766881306,-76.00560231797398,-71.62010973363981,47.895076146413096,0.3374,-0.6157,-0.5851,0.4059
191,403439.0,152.210034,1.0,0.19,-7.7,-0.66,32.38,33.56,13.0,-151.0,34.44,24.0,-2.8509095043272388,-0.9031773864750798,2.6779554766881306,-76.00560231797398,-71.62010973363981,47.895076146413096,0.3374,-0.6157,-0.5851,0.4059
192,403474.0,152.226567,1.0,-0.25,-7.21,-1.73,32.38,33.56,13.0,-150.88,29.12,19.56,-2.411783872547262,-0.5431480366262464,2.8118098472566944,-79.73285491812906,-73.29639527690128,43.628654629122934,0.3077,-0.6409999999999999,-0.5969,0.3716
193,403474.0,152.226567,1.0,-0.25,-7.21,-1.73,32.38,33.56,13.0,-150.88,29.12,19.56,-2.411783872547262,-0.5431480366262464,2.8118098472566944,-79.73285491812906,-73.29639527690128,43.628654629122934,0.3077,-0.6409999999999999,-0.5969,0.3716
194,403509.0,152.266977,1.0,-0.36,-5.27,-1.84,32.38,30.19,17.5,-187.69,26.19,34.06,-1.7586063196434436,-0.3024090604452807,4.505333882971064,-82.90516622575332,-74.41451438386142,40.02193352838936,0.2811,-0.662,-0.6047,0.3422
195,403509.0,152.266977,1.0,-0.36,-5.27,-1.84,32.38,30.19,17.5,-187.69,26.19,34.06,-1.7586063196434436,-0.3024090604452807,4.505333882971064,-82.90516622575332,-74.41451438386142,40.02193352838936,0.2811,-0.662,-0.6047,0.3422
196,403546.0,152.284451,1.0,0.18,-3.05,-4.03,32.5,26.87,22.0,-178.63,45.19,38.94,0.7336300878195283,-0.7018325676967825,4.852357119964943,-87.37109100921478,-75.526483262398,34.71105152226627,0.2428,-0.6907,-0.6124,0.2983
197,403546.0,152.284451,1.0,0.18,-3.05,-4.03,32.5,26.87,22.0,-178.63,45.19,38.94,0.7336300878195283,-0.7018325676967825,4.852357119964943,-87.37109100921478,-75.526483262398,34.71105152226627,0.2428,-0.6907,-0.6124,0.2983
198,403580.0,152.339777,1.0,0.85,-3.11,-5.54,32.5,26.87,22.0,-167.81,46.5,29.12,1.2888900656450748,-1.3968677985726476,3.6850715473464497,-90.3559798224276,-76.06378359355024,30.710138215163173,0.2172,-0.7093,-0.6161,0.2648
199,403580.0,152.339777,1.0,0.85,-3.11,-5.54,32.5,26.87,22.0,-167.81,46.5,29.12,1.2888900656450748,-1.3968677985726476,3.6850715473464497,-90.3559798224276,-76.06378359355024,30.710138215163173,0.2172,-0.7093,-0.6161,0.2648
200,403615.0,152.39915,1.0,-0.94,-0.17,-6.82,32.88,21.5,24.69,-226.94,8.44,39.94,3.3691907932679497,0.7049517761322084,3.8420463759620582,-94.02458435289965,-77.04178972145769,25.47680417585264,0.1684,-0.7315,-0.6228,0.2205
201,403615.0,152.39915,1.0,-0.94,-0.17,-6.82,32.88,21.5,24.69,-226.94,8.44,39.94,3.3691907932679497,0.7049517761322084,3.8420463759620582,-94.02458435289965,-77.04178972145769,25.47680417585264,0.1684,-0.7315,-0.6228,0.2205
202,403650.0,152.402492,1.0,-0.99,1.17,-8.3,31.69,16.0,29.25,-164.0,53.31,38.25,4.391542765443937,1.0282198257597637,2.672498604831013,-97.44096021432264,-77.07108573183801,19.95948754584176,0.1304,-0.7515,-0.623,0.1733
203,403650.0,152.402492,1.0,-0.99,1.17,-8.3,31.69,16.0,29.25,-164.0,53.31,38.25,4.391542765443937,1.0282198257597637,2.672498604831013,-97.44096021432264,-77.07108573183801,19.95948754584176,0.1304,-0.7515,-0.623,0.1733
204,403687.0,152.464023,1.0,3.13,-0.77,-9.98,32.88,9.06,31.37,-158.31,54.5,25.56,3.3509613044217077,-3.2354835659236727,0.4102195910145614,-99.49424158104073,-76.86613864248247,15.771709071970363,0.1108,-0.7632,-0.6216,0.1372
205,403687.0,152.464023,1.0,3.13,-0.77,-9.98,32.88,9.06,31.37,-158.31,54.5,25.56,3.3509613044217077,-3.2354835659236727,0.4102195910145614,-99.49424158104073,-76.86613864248247,15.771709071970363,0.1108,-0.7632,-0.6216,0.1372
206,403722.0,152.52948700000002,1.0,-0.4,1.64,-9.59,32.88,9.06,31.37,-210.19,-31.25,9.81,3.619269337739352,0.3641118809994097,0.7741524495428269,-100.95954923279673,-77.54063712636635,11.37469368630907,0.0554,-0.7714,-0.6262,0.0991
207,403722.0,152.52948700000002,1.0,-0.4,1.64,-9.59,32.88,9.06,31.37,-210.19,-31.25,9.81,3.619269337739352,0.3641118809994097,0.7741524495428269,-100.95954923279673,-77.54063712636635,11.37469368630907,0.0554,-0.7714,-0.6262,0.0991
208,403757.0,152.57723000000001,1.0,-2.43,4.82,-9.18,31.37,4.19,35.06,-176.88,12.31,30.87,5.320719839999733,2.7884902103874385,1.0132454982835792,-101.79156838217143,-77.6288499193909,7.94756506816392,0.0131,-0.7759999999999999,-0.6268,0.0693
209,403757.0,152.57723000000001,1.0,-2.43,4.82,-9.18,31.37,4.19,35.06,-176.88,12.31,30.87,5.320719839999733,2.7884902103874385,1.0132454982835792,-101.79156838217143,-77.6288499193909,7.94756506816392,0.0131,-0.7759999999999999,-0.6268,0.0693
210,403793.0,152.595085,1.0,0.6,1.87,-10.31,33.56,-1.75,34.25,-83.5,71.25,52.0,2.460063250585172,-0.5706524285179743,-0.3803733438893673,-103.84922334055193,-76.02014547215987,3.713416405127687,-0.0018,-0.7872,-0.6158,0.0324
211,403793.0,152.595085,1.0,0.6,1.87,-10.31,33.56,-1.75,34.25,-83.5,71.25,52.0,2.460063250585172,-0.5706524285179743,-0.3803733438893673,-103.84922334055193,-76.02014547215987,3.713416405127687,-0.0018,-0.7872,-0.6158,0.0324
212,403828.0,152.59819,1.0,0.86,0.56,-9.61,33.56,-1.75,34.25,-155.13,16.87,38.94,0.6520012260801789,-1.0954064090680249,0.22644753866534195,-105.29162283128352,-74.64489405402493,0.9511208605830096,-0.0208,-0.7949,-0.6063,0.0083
213,403828.0,152.59819,1.0,0.86,0.56,-9.61,33.56,-1.75,34.25,-155.13,16.87,38.94,0.6520012260801789,-1.0954064090680249,0.22644753866534195,-105.29162283128352,-74.64489405402493,0.9511208605830096,-0.0208,-0.7949,-0.6063,0.0083
214,403863.0,152.63756999999998,1.0,0.28,4.9,-11.83,32.38,-6.0,36.38,-211.38,-3.06,-14.38,3.0330592015824074,0.03900156058281068,-2.6366747469463885,-104.57685468499146,-74.61607730658687,-3.851001219583861,-0.0757,-0.7911,-0.6061,-0.0336
215,403863.0,152.63756999999998,1.0,0.28,4.9,-11.83,32.38,-6.0,36.38,-211.38,-3.06,-14.38,3.0330592015824074,0.03900156058281068,-2.6366747469463885,-104.57685468499146,-74.61607730658687,-3.851001219583861,-0.0757,-0.7911,-0.6061,-0.0336
216,403898.0,152.644649,1.0,-2.16,7.16,-12.95,33.88,-11.56,38.25,-161.13,2.69,25.69,3.2027301816992453,2.551269767961712,-4.576230168947988,-104.10974226118626,-74.04089516831135,-6.78778903124712,-0.11,-0.7886,-0.6021,-0.0592
217,403898.0,152.644649,1.0,-2.16,7.16,-12.95,33.88,-11.56,38.25,-161.13,2.69,25.69,3.2027301816992453,2.551269767961712,-4.576230168947988,-104.10974226118626,-74.04089516831135,-6.78778903124712,-0.11,-0.7886,-0.6021,-0.0592
218,403935.0,152.70230800000002,1.0,-0.29,6.33,-15.05,36.06,-18.87,35.75,-97.0,31.12,20.87,1.2351186851478906,0.4469388414319866,-6.470027409889831,-104.29629314706914,-72.71191496585868,-10.304202691653053,-0.1304,-0.7896,-0.5928,-0.0898
219,403935.0,152.70230800000002,1.0,-0.29,6.33,-15.05,36.06,-18.87,35.75,-97.0,31.12,20.87,1.2351186851478906,0.4469388414319866,-6.470027409889831,-104.29629314706914,-72.71191496585868,-10.304202691653053,-0.1304,-0.7896,-0.5928,-0.0898
220,403970.0,152.720055,1.0,0.21,8.0,-16.16,36.06,-18.87,35.75,-91.19,15.31,0.88,1.6263703169754922,0.1869645002282292,-8.151904058378848,-103.73780360335891,-72.24306941788456,-12.492290914481535,-0.1484,-0.7866,-0.5895,-0.1088
221,403970.0,152.720055,1.0,0.21,8.0,-16.16,36.06,-18.87,35.75,-91.19,15.31,0.88,1.6263703169754922,0.1869645002282292,-8.151904058378848,-103.73780360335891,-72.24306941788456,-12.492290914481535,-0.1484,-0.7866,-0.5895,-0.1088
222,404006.0,152.76726499999998,1.0,-0.35,8.06,-15.6,37.56,-24.5,36.0,-49.5,-3.63,6.19,1.0103967896210302,0.6599724198810311,-7.714469676907635,-103.27503144100895,-71.7614760712347,-14.026630173419028,-0.1635,-0.7841,-0.5861,-0.1221
223,404006.0,152.76726499999998,1.0,-0.35,8.06,-15.6,37.56,-24.5,36.0,-49.5,-3.63,6.19,1.0103967896210302,0.6599724198810311,-7.714469676907635,-103.27503144100895,-71.7614760712347,-14.026630173419028,-0.1635,-0.7841,-0.5861,-0.1221
224,404043.0,152.79093600000002,1.0,-0.01,6.63,-14.11,39.75,-28.37,34.75,4.94,3.88,12.75,0.3026293896510999,0.14516281592806646,-5.7797685497949205,-103.38588087785587,-71.47886911000296,-14.361511562916565,-0.1656,-0.7847,-0.5841,-0.125
225,404043.0,152.79093600000002,1.0,-0.01,6.63,-14.11,39.75,-28.37,34.75,4.94,3.88,12.75,0.3026293896510999,0.14516281592806646,-5.7797685497949205,-103.38588087785587,-71.47886911000296,-14.361511562916565,-0.1656,-0.7847,-0.5841,-0.125
226,404076.0,152.828101,1.0,0.48,4.65,-12.14,39.75,-28.37,34.75,47.63,1.94,24.12,-0.2739108710150027,-0.4466500588825064,-3.191733613343623,-104.53939520886965,-70.81670578777461,-13.85346307502466,-0.1556,-0.7909,-0.5794,-0.1206
227,404076.0,152.828101,1.0,0.48,4.65,-12.14,39.75,-28.37,34.75,47.63,1.94,24.12,-0.2739108710150027,-0.4466500588825064,-3.191733613343623,-104.53939520886965,-70.81670578777461,-13.85346307502466,-0.1556,-0.7909,-0.5794,-0.1206
228,404111.0,152.886521,1.0,-0.51,3.17,-10.68,40.88,-28.56,34.5,55.63,-9.19,15.06,-0.9488086582535036,0.36046394129352205,-1.299259592512012,-105.63224214449237,-70.52172446832354,-12.58451568698019,-0.1414,-0.7967,-0.5773,-0.1096
229,404111.0,152.886521,1.0,-0.51,3.17,-10.68,40.88,-28.56,34.5,55.63,-9.19,15.06,-0.9488086582535036,0.36046394129352205,-1.299259592512012,-105.63224214449237,-70.52172446832354,-12.58451568698019,-0.1414,-0.7967,-0.5773,-0.1096
230,404148.0,152.893489,1.0,0.0,3.27,-9.53,38.38,-27.0,34.5,36.63,8.69,-4.69,-0.12747925433930252,0.0960030675883119,-0.2674917724154877,-105.80305309851605,-70.76047732673608,-12.00824269100582,-0.1329,-0.7976,-0.579,-0.1046
231,404148.0,152.893489,1.0,0.0,3.27,-9.53,38.38,-27.0,34.5,36.63,8.69,-4.69,-0.12747925433930252,0.0960030675883119,-0.2674917724154877,-105.80305309851605,-70.76047732673608,-12.00824269100582,-0.1329,-0.7976,-0.579,-0.1046
232,404183.0,152.91221399999998,1.0,0.77,2.06,-8.82,38.38,-27.0,34.5,56.56,4.13,3.0,-0.44614478887484105,-0.8035972327984612,0.7631945589200537,-106.24110823664705,-70.9995839667978,-10.937173775974523,-0.1177,-0.7999,-0.5807,-0.0953
233,404183.0,152.91221399999998,1.0,0.77,2.06,-8.82,38.38,-27.0,34.5,56.56,4.13,3.0,-0.44614478887484105,-0.8035972327984612,0.7631945589200537,-106.24110823664705,-70.9995839667978,-10.937173775974523,-0.1177,-0.7999,-0.5807,-0.0953
234,404217.0,152.95658500000002,1.0,-0.21,2.18,-7.9,38.0,-26.19,34.5,36.13,-7.5,6.75,-0.18870010342273968,0.2604434311831512,1.6150041647528628,-106.7390046476622,-70.9010852783508,-9.970582425862727,-0.1101,-0.8025,-0.58,-0.0869
235,404217.0,152.95658500000002,1.0,-0.21,2.18,-7.9,38.0,-26.19,34.5,36.13,-7.5,6.75,-0.18870010342273968,0.2604434311831512,1.6150041647528628,-106.7390046476622,-70.9010852783508,-9.970582425862727,-0.1101,-0.8025,-0.58,-0.0869
236,404252.0,153.019775,1.0,0.35,4.54,-8.71,35.75,-23.5,36.88,11.38,3.63,5.13,2.0097987520345377,0.4408410900099149,0.1960013169152166,-107.02758003485113,-70.77453260444078,-9.706047414595153,-0.1053,-0.804,-0.5791,-0.0846
237,404252.0,153.019775,1.0,0.35,4.54,-8.71,35.75,-23.5,36.88,11.38,3.63,5.13,2.0097987520345377,0.4408410900099149,0.1960013169152166,-107.02758003485113,-70.77453260444078,-9.706047414595153,-0.1053,-0.804,-0.5791,-0.0846
238,404289.0,153.037106,1.0,0.85,3.28,-9.79,35.75,-22.37,36.5,40.81,26.31,7.5,0.8855447050730494,-0.3239231755011538,-0.5101268392890201,-107.31714138517356,-70.76047732673608,-9.60254790532585,-0.0944,-0.8055,-0.579,-0.0837
239,404289.0,153.037106,1.0,0.85,3.28,-9.79,35.75,-22.37,36.5,40.81,26.31,7.5,0.8855447050730494,-0.3239231755011538,-0.5101268392890201,-107.31714138517356,-70.76047732673608,-9.60254790532585,-0.0944,-0.8055,-0.579,-0.0837
240,404322.0,153.045888,1.0,0.71,3.64,-10.36,35.75,-22.37,36.5,19.25,-5.31,6.88,1.1779779717182026,-0.022125373712782226,-1.1338791629785785,-107.68535335119316,-70.59190932634084,-9.22311622194562,-0.0876,-0.8074,-0.5778,-0.0804
241,404322.0,153.045888,1.0,0.71,3.64,-10.36,35.75,-22.37,36.5,19.25,-5.31,6.88,1.1779779717182026,-0.022125373712782226,-1.1338791629785785,-107.68535335119316,-70.59190932634084,-9.22311622194562,-0.0876,-0.8074,-0.5778,-0.0804
242,404359.0,153.101062,1.0,1.31,3.56,-11.05,33.88,-21.56,39.0,40.81,-6.0,36.94,1.345455637040585,-0.5781761647898072,-1.7841938627748188,-108.70148376565115,-69.82153596259464,-8.499024412896564,-0.0814,-0.8126,-0.5723,-0.0741
243,404359.0,153.101062,1.0,1.31,3.56,-11.05,33.88,-21.56,39.0,40.81,-6.0,36.94,1.345455637040585,-0.5781761647898072,-1.7841938627748188,-108.70148376565115,-69.82153596259464,-8.499024412896564,-0.0814,-0.8126,-0.5723,-0.0741
244,404396.0,153.180608,1.0,0.72,3.33,-9.65,32.75,-20.87,38.19,87.75,14.56,50.06,1.657493804001691,0.2491685099027219,-0.2889148352813269,-110.87341536801529,-68.18076625802583,-7.166643396943946,-0.061,-0.8235,-0.5605,-0.0625
245,404396.0,153.180608,1.0,0.72,3.33,-9.65,32.75,-20.87,38.19,87.75,14.56,50.06,1.657493804001691,0.2491685099027219,-0.2889148352813269,-110.87341536801529,-68.18076625802583,-7.166643396943946,-0.061,-0.8235,-0.5605,-0.0625
246,404430.0,153.19109,1.0,1.17,0.43,-8.83,32.75,-20.87,38.19,103.75,28.94,29.37,-0.30687735953895184,-0.90266739360488,0.9402122788672908,-112.0743054876913,-67.39388076848982,-6.236859579751598,-0.0354,-0.8294,-0.5548,-0.0544
247,404430.0,153.19109,1.0,1.17,0.43,-8.83,32.75,-20.87,38.19,103.75,28.94,29.37,-0.30687735953895184,-0.90266739360488,0.9402122788672908,-112.0743054876913,-67.39388076848982,-6.236859579751598,-0.0354,-0.8294,-0.5548,-0.0544
248,404463.0,153.236407,1.0,0.07,-0.91,-6.99,31.56,-19.69,38.19,64.56,2.81,36.5,-1.3997508296938728,-0.2351964063406777,2.9016894450644592,-113.48199585621887,-66.26813997300863,-4.974836229757033,-0.0117,-0.8362,-0.5466,-0.0434
249,404463.0,153.236407,1.0,0.07,-0.91,-6.99,31.56,-19.69,38.19,64.56,2.81,36.5,-1.3997508296938728,-0.2351964063406777,2.9016894450644592,-113.48199585621887,-66.26813997300863,-4.974836229757033,-0.0117,-0.8362,-0.5466,-0.0434
250,404500.0,153.25426299999998,1.0,0.71,-1.28,-4.64,29.0,-16.75,41.75,48.0,40.19,34.13,-1.1845074600883525,-0.9338507996729676,5.180964671214087,-114.49173656786448,-65.2719990372295,-4.940426564140192,0.0038,-0.841,-0.5393,-0.0431
251,404500.0,153.25426299999998,1.0,0.71,-1.28,-4.64,29.0,-16.75,41.75,48.0,40.19,34.13,-1.1845074600883525,-0.9338507996729676,5.180964671214087,-114.49173656786448,-65.2719990372295,-4.940426564140192,0.0038,-0.841,-0.5393,-0.0431
252,404537.0,153.298279,1.0,0.16,-3.13,-3.34,27.5,-16.19,42.5,7.0,54.75,-3.69,-2.981099089444992,-1.1599061602239376,6.528576492833816,-114.76759373176695,-64.80993560444892,-6.00734895779625,0.0223,-0.8423,-0.5359,-0.0524
253,404537.0,153.298279,1.0,0.16,-3.13,-3.34,27.5,-16.19,42.5,7.0,54.75,-3.69,-2.981099089444992,-1.1599061602239376,6.528576492833816,-114.76759373176695,-64.80993560444892,-6.00734895779625,0.0223,-0.8423,-0.5359,-0.0524
254,404570.0,153.31587199999998,1.0,-1.82,-1.28,-1.51,27.5,-16.19,42.5,-87.69,40.69,-40.56,-2.052469422456105,1.2697923471526822,8.620944865915147,-113.81705808343624,-65.53073092524775,-8.050949266749551,0.015,-0.8378,-0.5412,-0.0702
255,404570.0,153.31587199999998,1.0,-1.82,-1.28,-1.51,27.5,-16.19,42.5,-87.69,40.69,-40.56,-2.052469422456105,1.2697923471526822,8.620944865915147,-113.81705808343624,-65.53073092524775,-8.050949266749551,0.015,-0.8378,-0.5412,-0.0702
256,404609.0,153.356006,1.0,-2.44,-0.83,-0.3,25.69,-15.75,42.5,-82.0,105.62,-26.75,-1.7242258142784874,1.9229983291697412,10.05488933488887,-112.05379617607242,-66.48722575330268,-12.400074265032766,0.0045,-0.8293,-0.5482,-0.10800000000000001
257,404609.0,153.356006,1.0,-2.44,-0.83,-0.3,25.69,-15.75,42.5,-82.0,105.62,-26.75,-1.7242258142784874,1.9229983291697412,10.05488933488887,-112.05379617607242,-66.48722575330268,-12.400074265032766,0.0045,-0.8293,-0.5482,-0.10800000000000001
258,404643.0,153.432324,1.0,0.42,-0.62,-0.32,25.25,-19.06,45.0,-91.0,177.0,-45.94,-0.5113111875948738,-0.5514140495563539,9.494074544482164,-108.97720765299681,-67.4627610420609,-19.587266633669245,0.0081,-0.8140000000000001,-0.5553,-0.1701
259,404643.0,153.432324,1.0,0.42,-0.62,-0.32,25.25,-19.06,45.0,-91.0,177.0,-45.94,-0.5113111875948738,-0.5514140495563539,9.494074544482164,-108.97720765299681,-67.4627610420609,-19.587266633669245,0.0081,-0.8140000000000001,-0.5553,-0.1701
260,404678.0,153.435829,1.0,5.13,-3.77,-2.54,25.25,-19.06,45.0,-88.44,204.19,-61.63,-2.887386037628307,-5.1954159622816976,6.393139365978528,-105.40501487729964,-68.4854543216403,-25.876405289927124,0.0215,-0.7955,-0.5627,-0.2239
261,404678.0,153.435829,1.0,5.13,-3.77,-2.54,25.25,-19.06,45.0,-88.44,204.19,-61.63,-2.887386037628307,-5.1954159622816976,6.393139365978528,-105.40501487729964,-68.4854543216403,-25.876405289927124,0.0215,-0.7955,-0.5627,-0.2239
262,404713.0,153.48102,1.0,5.19,4.0,-1.75,21.19,-23.19,47.0,-329.56,62.06,-117.44,3.4012267913655223,-2.7531165664498496,4.624893011753947,-100.38504889165013,-68.59638668148234,-34.86715957624261,-0.05,-0.7682,-0.5635,-0.2996
263,404713.0,153.48102,1.0,5.19,4.0,-1.75,21.19,-23.19,47.0,-329.56,62.06,-117.44,3.4012267913655223,-2.7531165664498496,4.624893011753947,-100.38504889165013,-68.59638668148234,-34.86715957624261,-0.05,-0.7682,-0.5635,-0.2996
264,404750.0,153.5424,1.0,5.31,4.66,-0.85,22.75,-32.88,45.5,-318.81,29.5,-118.75,3.4568169397871564,-3.152306257128501,4.444972845781456,-94.783564940407,-68.11159548513581,-41.64818266123672,-0.1353,-0.736,-0.56,-0.3555
265,404750.0,153.5424,1.0,5.31,4.66,-0.85,22.75,-32.88,45.5,-318.81,29.5,-118.75,3.4568169397871564,-3.152306257128501,4.444972845781456,-94.783564940407,-68.11159548513581,-41.64818266123672,-0.1353,-0.736,-0.56,-0.3555
266,404785.0,153.557477,1.0,5.85,5.74,0.22,37.56,-39.25,25.69,-337.31,51.94,26.06,3.96136643291492,-3.2365452727861883,3.3995562218990205,-90.64896993931684,-62.34280299111539,-50.49129103156368,-0.2109,-0.7111,-0.5176,-0.4265
267,404785.0,153.557477,1.0,5.85,5.74,0.22,37.56,-39.25,25.69,-337.31,51.94,26.06,3.96136643291492,-3.2365452727861883,3.3995562218990205,-90.64896993931684,-62.34280299111539,-50.49129103156368,-0.2109,-0.7111,-0.5176,-0.4265
268,404819.0,153.56564699999998,1.0,7.74,10.62,4.03,37.56,-39.25,25.69,-407.19,38.94,-36.81,8.43705412410275,-3.357589032912535,-0.512052127352371,-85.70291578094474,-57.592981343645185,-57.48839788302178,-0.2725,-0.6801,-0.4817,-0.4809
269,404819.0,153.56564699999998,1.0,7.74,10.62,4.03,37.56,-39.25,25.69,-407.19,38.94,-36.81,8.43705412410275,-3.357589032912535,-0.512052127352371,-85.70291578094474,-57.592981343645185,-57.48839788302178,-0.2725,-0.6801,-0.4817,-0.4809
270,404856.0,153.61035800000002,1.0,4.58,12.58,6.95,31.0,-28.87,14.25,-416.94,-28.12,-24.87,8.561366761999698,0.5944546233069428,-2.598386189683442,-77.46716810896245,-48.887538949850274,-65.73525876311373,-0.3779,-0.6257,-0.4138,-0.5427
271,404856.0,153.61035800000002,1.0,4.58,12.58,6.95,31.0,-28.87,14.25,-416.94,-28.12,-24.87,8.561366761999698,0.5944546233069428,-2.598386189683442,-77.46716810896245,-48.887538949850274,-65.73525876311373,-0.3779,-0.6257,-0.4138,-0.5427
272,404893.0,153.693093,1.0,1.07,12.05,11.26,19.75,-28.69,5.19,-394.94,6.44,7.75,10.180716688801816,4.488354993378456,-2.4139341577138573,-71.86050760282423,-41.819872014974116,-70.78858910682754,-0.4391,-0.5868,-0.3569,-0.5792
273,404893.0,153.693093,1.0,1.07,12.05,11.26,19.75,-28.69,5.19,-394.94,6.44,7.75,10.180716688801816,4.488354993378456,-2.4139341577138573,-71.86050760282423,-41.819872014974116,-70.78858910682754,-0.4391,-0.5868,-0.3569,-0.5792
274,404928.0,153.69695,1.0,5.67,21.49,15.0,19.75,-28.69,5.19,-501.75,50.25,-87.44,5.904284042801732,3.667146412171381,-16.09046310423645,-60.11912281043993,-32.23403459047365,-78.11500148015571,-0.5244,-0.5009,-0.2776,-0.6301
275,404928.0,153.69695,1.0,5.67,21.49,15.0,19.75,-28.69,5.19,-501.75,50.25,-87.44,5.904284042801732,3.667146412171381,-16.09046310423645,-60.11912281043993,-32.23403459047365,-78.11500148015571,-0.5244,-0.5009,-0.2776,-0.6301
276,404963.0,153.741398,1.0,4.14,22.89,10.42,14.19,-31.69,-2.75,-456.0,-59.19,-131.94,-6.298749507820613,2.2444025360802358,-14.789213715140527,-48.20872972254528,-21.963930115303267,-79.36011799864445,-0.6238,-0.4084,-0.1905,-0.6385
277,404963.0,153.741398,1.0,4.14,22.89,10.42,14.19,-31.69,-2.75,-456.0,-59.19,-131.94,-6.298749507820613,2.2444025360802358,-14.789213715140527,-48.20872972254528,-21.963930115303267,-79.36011799864445,-0.6238,-0.4084,-0.1905,-0.6385
278,405000.0,153.759557,1.0,-0.69,14.18,9.51,16.06,-30.5,-14.38,-259.19,-75.5,-12.63,-4.269646975231759,5.109952411539158,-5.930157206631828,-44.40732869091076,-15.563501157916,-79.09236926487023,-0.6583,-0.3779,-0.1354,-0.6367
279,405000.0,153.759557,1.0,-0.69,14.18,9.51,16.06,-30.5,-14.38,-259.19,-75.5,-12.63,-4.269646975231759,5.109952411539158,-5.930157206631828,-44.40732869091076,-15.563501157916,-79.09236926487023,-0.6583,-0.3779,-0.1354,-0.6367
280,405037.0,153.806679,1.0,-8.49,13.14,10.27,18.0,-25.87,-21.19,-225.06,-33.56,-99.44,-7.058341542019638,11.503916189145993,-3.1568497970958638,-38.634678836735524,-10.005090889774307,-76.9246652327095,-0.7043,-0.3308,-0.0872,-0.622
281,405037.0,153.806679,1.0,-8.49,13.14,10.27,18.0,-25.87,-21.19,-225.06,-33.56,-99.44,-7.058341542019638,11.503916189145993,-3.1568497970958638,-38.634678836735524,-10.005090889774307,-76.9246652327095,-0.7043,-0.3308,-0.0872,-0.622
282,405069.0,153.82442700000001,1.0,10.27,33.79,5.71,18.0,-25.87,-21.19,-358.13,233.63,-65.31,-25.211860073945214,-11.14909945069709,-12.99468314195188,-29.227312357898,-9.016196458354324,-77.79071544905813,-0.7321,-0.2523,-0.0786,-0.6279
283,405069.0,153.82442700000001,1.0,10.27,33.79,5.71,18.0,-25.87,-21.19,-358.13,233.63,-65.31,-25.211860073945214,-11.14909945069709,-12.99468314195188,-29.227312357898,-9.016196458354324,-77.79071544905813,-0.7321,-0.2523,-0.0786,-0.6279
284,405108.0,153.87427399999999,1.0,2.0,12.97,8.02,21.25,-19.37,-25.06,161.88,-59.69,109.69,-7.867012020434184,-0.9110550287730366,-3.377484427594837,-27.301153346475182,-9.303593121383253,-79.6283867646292,-0.7265,-0.23600000000000002,-0.0811,-0.6403
285,405108.0,153.87427399999999,1.0,2.0,12.97,8.02,21.25,-19.37,-25.06,161.88,-59.69,109.69,-7.867012020434184,-0.9110550287730366,-3.377484427594837,-27.301153346475182,-9.303593121383253,-79.6283867646292,-0.7265,-0.23600000000000002,-0.0811,-0.6403
286,405143.0,153.89274699999999,1.0,-0.92,8.05,8.67,23.37,-16.0,-25.19,107.12,4.0,3.56,-2.715116128175944,2.898509765013864,-1.3756836362602842,-31.495183998739208,-11.89302513102135,-80.39134544428752,-0.7064,-0.2714,-0.1036,-0.6454
287,405143.0,153.89274699999999,1.0,-0.92,8.05,8.67,23.37,-16.0,-25.19,107.12,4.0,3.56,-2.715116128175944,2.898509765013864,-1.3756836362602842,-31.495183998739208,-11.89302513102135,-80.39134544428752,-0.7064,-0.2714,-0.1036,-0.6454
288,405178.0,153.942174,1.0,-0.35,1.57,9.49,23.37,-16.0,-25.19,173.25,34.5,17.81,4.062260486292734,2.6363046114297277,1.4882704861007294,-34.63902408126335,-15.39003407585724,-79.64330592338119,-0.6952,-0.2977,-0.1339,-0.6404
289,405178.0,153.942174,1.0,-0.35,1.57,9.49,23.37,-16.0,-25.19,173.25,34.5,17.81,4.062260486292734,2.6363046114297277,1.4882704861007294,-34.63902408126335,-15.39003407585724,-79.64330592338119,-0.6952,-0.2977,-0.1339,-0.6404
290,405213.0,153.96481699999998,1.0,2.58,-0.07,8.82,21.87,-19.69,-24.5,139.06,62.69,34.5,6.035594085761941,-0.7412791036180434,2.91638082365756,-37.32584976988496,-20.157316215575328,-80.57148847643886,-0.67,-0.32,-0.175,-0.6466
291,405213.0,153.96481699999998,1.0,2.58,-0.07,8.82,21.87,-19.69,-24.5,139.06,62.69,34.5,6.035594085761941,-0.7412791036180434,2.91638082365756,-37.32584976988496,-20.157316215575328,-80.57148847643886,-0.67,-0.32,-0.175,-0.6466
292,405250.0,154.0095,1.0,3.39,4.28,7.3,20.69,-21.37,-19.69,13.56,37.5,38.69,1.892178207139705,-1.753295786877637,1.0633030712694076,-37.28956626386321,-21.38056975127936,-82.0669719838208,-0.6575,-0.3197,-0.1855,-0.6565
293,405250.0,154.0095,1.0,3.39,4.28,7.3,20.69,-21.37,-19.69,13.56,37.5,38.69,1.892178207139705,-1.753295786877637,1.0633030712694076,-37.28956626386321,-21.38056975127936,-82.0669719838208,-0.6575,-0.3197,-0.1855,-0.6565
294,405284.0,154.074128,1.0,2.17,4.36,7.49,20.69,-21.37,-19.69,11.25,1.12,3.13,1.915972682959632,-0.528200588171529,1.0963886481915637,-37.42262477199783,-21.7305176882842,-82.40160521651524,-0.6539,-0.3208,-0.1885,-0.6587
295,405284.0,154.074128,1.0,2.17,4.36,7.49,20.69,-21.37,-19.69,11.25,1.12,3.13,1.915972682959632,-0.528200588171529,1.0963886481915637,-37.42262477199783,-21.7305176882842,-82.40160521651524,-0.6539,-0.3208,-0.1885,-0.6587
296,405319.0,154.082874,1.0,0.86,5.2,7.94,20.37,-23.19,-20.06,11.31,3.0,-3.63,1.5789745894423235,0.8812682985208786,0.4496523281013065,-37.65257654707046,-22.033971792326973,-82.05178160910839,-0.6546,-0.3227,-0.1911,-0.6564
297,405319.0,154.082874,1.0,0.86,5.2,7.94,20.37,-23.19,-20.06,11.31,3.0,-3.63,1.5789745894423235,0.8812682985208786,0.4496523281013065,-37.65257654707046,-22.033971792326973,-82.05178160910839,-0.6546,-0.3227,-0.1911,-0.6564
298,405354.0,154.110655,1.0,1.74,5.52,7.6,19.56,-23.5,-18.5,9.06,13.69,13.06,1.2169206663688101,-0.04374357446839694,0.33167292396138315,-37.664683622171815,-22.477763863075143,-82.49301728450641,-0.6505,-0.3228,-0.1949,-0.6593
299,405354.0,154.110655,1.0,1.74,5.52,7.6,19.56,-23.5,-18.5,9.06,13.69,13.06,1.2169206663688101,-0.04374357446839694,0.33167292396138315,-37.664683622171815,-22.477763863075143,-82.49301728450641,-0.6505,-0.3228,-0.1949,-0.6593
300,405389.0,154.16083,1.0,1.58,5.85,7.44,20.06,-23.5,-19.0,1.25,12.75,-2.69,0.8850833390178121,0.0782392475931597,0.2524359505279481,-37.579943248225064,-22.816676842803346,-82.67603357506403,-0.6487,-0.3221,-0.1978,-0.6605
301,405389.0,154.16083,1.0,1.58,5.85,7.44,20.06,-23.5,-19.0,1.25,12.75,-2.69,0.8850833390178121,0.0782392475931597,0.2524359505279481,-37.579943248225064,-22.816676842803346,-82.67603357506403,-0.6487,-0.3221,-0.1978,-0.6605
302,405424.0,154.181506,1.0,1.65,6.26,7.17,20.06,-23.5,-19.0,2.31,12.88,-7.5,0.4181737793445615,-0.09279266356657699,0.1559754012034542,-37.229102364563495,-23.284475807440252,-82.63025542276526,-0.6492,-0.3192,-0.2018,-0.6602
303,405424.0,154.181506,1.0,1.65,6.26,7.17,20.06,-23.5,-19.0,2.31,12.88,-7.5,0.4181737793445615,-0.09279266356657699,0.1559754012034542,-37.229102364563495,-23.284475807440252,-82.63025542276526,-0.6492,-0.3192,-0.2018,-0.6602
304,405460.0,154.185082,1.0,1.51,6.51,6.96,19.25,-23.87,-18.56,3.38,8.13,-2.19,0.11706301150871724,-0.005449661859671551,0.15843428140611415,-37.168649209123814,-23.612168873737946,-82.63025542276526,-0.6486,-0.3187,-0.2046,-0.6602
305,405460.0,154.185082,1.0,1.51,6.51,6.96,19.25,-23.87,-18.56,3.38,8.13,-2.19,0.11706301150871724,-0.005449661859671551,0.15843428140611415,-37.168649209123814,-23.612168873737946,-82.63025542276526,-0.6486,-0.3187,-0.2046,-0.6602
306,405495.0,154.229943,1.0,1.3,6.58,7.06,19.25,-23.37,-19.0,1.12,6.25,-1.94,0.1299930043985167,0.17557564999438613,0.07103111828854836,-36.975271048101675,-23.8463551666527,-82.64551302019812,-0.6486,-0.3171,-0.2066,-0.6603
307,405495.0,154.229943,1.0,1.3,6.58,7.06,19.25,-23.37,-19.0,1.12,6.25,-1.94,0.1299930043985167,0.17557564999438613,0.07103111828854836,-36.975271048101675,-23.8463551666527,-82.64551302019812,-0.6486,-0.3171,-0.2066,-0.6603
308,405530.0,154.340789,1.0,1.69,6.91,6.86,19.25,-23.37,-19.0,-1.44,7.38,-4.69,-0.2355258366605244,-0.24943758444393185,-0.06989334631970756,-36.79407807568971,-23.998630403703213,-82.67603357506403,-0.6488,-0.3156,-0.2079,-0.6605
309,405530.0,154.340789,1.0,1.69,6.91,6.86,19.25,-23.37,-19.0,-1.44,7.38,-4.69,-0.2355258366605244,-0.24943758444393185,-0.06989334631970756,-36.79407807568971,-23.998630403703213,-82.67603357506403,-0.6488,-0.3156,-0.2079,-0.6605
310,405563.0,154.35283,1.0,1.61,6.98,6.71,20.75,-23.37,-19.0,3.38,2.69,-1.0,-0.377044330340812,-0.21358102462746095,0.001099494348776986,-36.73370161256758,-24.186105170420962,-82.63025542276526,-0.6488,-0.3151,-0.2095,-0.6602
311,405563.0,154.35283,1.0,1.61,6.98,6.71,20.75,-23.37,-19.0,3.38,2.69,-1.0,-0.377044330340812,-0.21358102462746095,0.001099494348776986,-36.73370161256758,-24.186105170420962,-82.63025542276526,-0.6488,-0.3151,-0.2095,-0.6602
312,405600.0,154.356255,1.0,1.02,6.82,6.96,20.75,-22.69,-19.0,3.75,0.12,-5.63,-0.08748848014997558,0.3803759777936659,0.016754194560666846,-36.80615463747225,-24.31503217113493,-82.50825884494826,-0.649,-0.3157,-0.2106,-0.6594
313,405600.0,154.356255,1.0,1.02,6.82,6.96,20.75,-22.69,-19.0,3.75,0.12,-5.63,-0.08748848014997558,0.3803759777936659,0.016754194560666846,-36.80615463747225,-24.31503217113493,-82.50825884494826,-0.649,-0.3157,-0.2106,-0.6594
314,405637.0,154.40457,1.0,1.08,6.74,7.04,20.75,-23.06,-19.37,3.38,6.63,-4.19,0.04884115325178029,0.2739020206024008,0.004701610783753196,-36.685408046310336,-24.596436196111345,-82.35592311764404,-0.6497,-0.3147,-0.213,-0.6584
315,405637.0,154.40457,1.0,1.08,6.74,7.04,20.75,-23.06,-19.37,3.38,6.63,-4.19,0.04884115325178029,0.2739020206024008,0.004701610783753196,-36.685408046310336,-24.596436196111345,-82.35592311764404,-0.6497,-0.3147,-0.213,-0.6584
316,405669.0,154.461599,1.0,1.22,6.65,6.98,20.75,-23.06,-19.37,5.5,11.06,10.88,0.09378895598828384,0.1020785031918634,0.0900619357193726,-36.60091053338324,-24.831054609816945,-82.55399419971695,-0.6481,-0.314,-0.215,-0.6597
317,405669.0,154.461599,1.0,1.22,6.65,6.98,20.75,-23.06,-19.37,5.5,11.06,10.88,0.09378895598828384,0.1020785031918634,0.0900619357193726,-36.60091053338324,-24.831054609816945,-82.55399419971695,-0.6481,-0.314,-0.215,-0.6597
318,405706.0,154.468738,1.0,1.41,6.76,6.83,20.5,-22.69,-18.87,3.56,10.5,8.25,-0.06951913978542845,-0.10342788062711604,0.09484945825118808,-36.504367169981776,-25.0892571067724,-82.98163371130366,-0.6449,-0.3132,-0.2172,-0.6625
319,405706.0,154.468738,1.0,1.41,6.76,6.83,20.5,-22.69,-18.87,3.56,10.5,8.25,-0.06951913978542845,-0.10342788062711604,0.09484945825118808,-36.504367169981776,-25.0892571067724,-82.98163371130366,-0.6449,-0.3132,-0.2172,-0.6625
320,405741.0,154.548105,1.0,1.72,6.89,6.7,20.5,-22.69,-18.06,2.69,5.56,0.31,-0.2320912978553973,-0.4323900078903584,0.05576939820118909,-36.44404119171296,-25.277122006902648,-83.0887640805251,-0.6438,-0.3127,-0.2188,-0.6632
321,405741.0,154.548105,1.0,1.72,6.89,6.7,20.5,-22.69,-18.06,2.69,5.56,0.31,-0.2320912978553973,-0.4323900078903584,0.05576939820118909,-36.44404119171296,-25.277122006902648,-83.0887640805251,-0.6438,-0.3127,-0.2188,-0.6632
322,405774.0,154.551759,1.0,1.22,6.52,6.94,20.5,-22.69,-18.06,4.88,-0.56,-0.63,0.21999480354759784,0.05635947865621205,0.20921149300358088,-36.54056778374004,-25.441560447887092,-83.0428402073519,-0.6432,-0.3135,-0.2202,-0.6629
323,405774.0,154.551759,1.0,1.22,6.52,6.94,20.5,-22.69,-18.06,4.88,-0.56,-0.63,0.21999480354759784,0.05635947865621205,0.20921149300358088,-36.54056778374004,-25.441560447887092,-83.0428402073519,-0.6432,-0.3135,-0.2202,-0.6629
324,405811.0,154.64141,1.0,1.19,6.63,6.97,20.75,-23.06,-16.87,-0.44,5.38,-1.56,0.16629751865847808,0.07825153953200381,0.11541056266026928,-36.46817032738551,-25.559049077875773,-83.05814635391897,-0.6431,-0.3129,-0.2212,-0.6629999999999999
325,405811.0,154.64141,1.0,1.19,6.63,6.97,20.75,-23.06,-16.87,-0.44,5.38,-1.56,0.16629751865847808,0.07825153953200381,0.11541056266026928,-36.46817032738551,-25.559049077875773,-83.05814635391897,-0.6431,-0.3129,-0.2212,-0.6629999999999999
326,405846.0,154.653174,1.0,1.34,6.73,7.04,20.5,-23.06,-17.69,1.94,6.56,0.31,0.1488245773054222,-0.08734195309256032,-0.02291370488639011,-36.311360803930285,-25.747087788934113,-83.15002129330095,-0.6426,-0.3116,-0.2228,-0.6636
327,405846.0,154.653174,1.0,1.34,6.73,7.04,20.5,-23.06,-17.69,1.94,6.56,0.31,0.1488245773054222,-0.08734195309256032,-0.02291370488639011,-36.311360803930285,-25.747087788934113,-83.15002129330095,-0.6426,-0.3116,-0.2228,-0.6636
328,405880.0,154.656619,1.0,1.25,6.71,6.98,20.5,-23.06,-17.69,7.88,4.75,10.31,0.1444859400999634,0.0061532819866165775,0.045190787861978166,-36.39578793652754,-25.88816308640127,-83.36465078667902,-0.6404,-0.3123,-0.22399999999999998,-0.665
329,405880.0,154.656619,1.0,1.25,6.71,6.98,20.5,-23.06,-17.69,7.88,4.75,10.31,0.1444859400999634,0.0061532819866165775,0.045190787861978166,-36.39578793652754,-25.88816308640127,-83.36465078667902,-0.6404,-0.3123,-0.22399999999999998,-0.665
330,405913.0,154.701111,1.0,0.85,6.61,6.95,20.75,-23.37,-17.69,7.38,4.81,12.88,0.22535032112404416,0.4243942310535401,0.18967507181089796,-36.55263549385707,-26.041039726290627,-83.77959386115333,-0.6365,-0.3136,-0.2253,-0.6677
331,405913.0,154.701111,1.0,0.85,6.61,6.95,20.75,-23.37,-17.69,7.38,4.81,12.88,0.22535032112404416,0.4243942310535401,0.18967507181089796,-36.55263549385707,-26.041039726290627,-83.77959386115333,-0.6365,-0.3136,-0.2253,-0.6677
332,405950.0,154.756652,1.0,1.16,6.63,6.89,20.06,-23.06,-18.5,-0.37,7.56,3.63,0.1714406609203305,0.10815223547611774,0.17682595208797558,-36.46817032738551,-26.1469050177391,-84.01070082113738,-0.6349,-0.3129,-0.2262,-0.6692
333,405950.0,154.756652,1.0,1.16,6.63,6.89,20.06,-23.06,-18.5,-0.37,7.56,3.63,0.1714406609203305,0.10815223547611774,0.17682595208797558,-36.46817032738551,-26.1469050177391,-84.01070082113738,-0.6349,-0.3129,-0.2262,-0.6692
334,405987.0,154.773331,1.0,1.23,6.68,6.82,21.19,-23.87,-16.87,-1.56,5.0,-2.31,0.07122084793070083,0.0070676610910132,0.18154856474298064,-36.263125888125366,-26.241026566581308,-84.08782976269961,-0.635,-0.3112,-0.22699999999999998,-0.6697
335,405987.0,154.773331,1.0,1.23,6.68,6.82,21.19,-23.87,-16.87,-1.56,5.0,-2.31,0.07122084793070083,0.0070676610910132,0.18154856474298064,-36.263125888125366,-26.241026566581308,-84.08782976269961,-0.635,-0.3112,-0.22699999999999998,-0.6697
336,406020.0,154.81255900000002,1.0,1.04,6.78,6.76,21.19,-23.87,-16.87,-0.44,1.81,1.44,-0.049651336356804084,0.18884756931628702,0.1780742309487291,-36.17873077462121,-26.26455976697084,-84.11869444886841,-0.635,-0.3105,-0.2272,-0.6699
337,406020.0,154.81255900000002,1.0,1.04,6.78,6.76,21.19,-23.87,-16.87,-0.44,1.81,1.44,-0.049651336356804084,0.18884756931628702,0.1780742309487291,-36.17873077462121,-26.26455976697084,-84.11869444886841,-0.635,-0.3105,-0.2272,-0.6699
338,406056.0,154.819919,1.0,1.12,6.68,6.89,20.5,-23.5,-18.5,-2.06,1.56,1.31,0.1061835733448615,0.11472792740462535,0.1461912866973467,-36.1305141127441,-26.26455976697084,-84.24222829795386,-0.6343,-0.3101,-0.2272,-0.6707
339,406056.0,154.819919,1.0,1.12,6.68,6.89,20.5,-23.5,-18.5,-2.06,1.56,1.31,0.1061835733448615,0.11472792740462535,0.1461912866973467,-36.1305141127441,-26.26455976697084,-84.24222829795386,-0.6343,-0.3101,-0.2272,-0.6707
340,406091.0,154.838189,1.0,0.78,6.68,7.01,20.5,-23.19,-16.87,-6.0,0.81,-1.25,0.17027557388326464,0.44983823270391454,0.10409612004980497,-35.997952375875286,-26.229260388868166,-84.25767849428371,-0.6349,-0.309,-0.2269,-0.6708
341,406091.0,154.838189,1.0,0.78,6.68,7.01,20.5,-23.19,-16.87,-6.0,0.81,-1.25,0.17027557388326464,0.44983823270391454,0.10409612004980497,-35.997952375875286,-26.229260388868166,-84.25767849428371,-0.6349,-0.309,-0.2269,-0.6708
342,406124.0,154.88671200000002,1.0,1.0,6.87,6.91,20.5,-23.19,-16.87,-4.19,4.38,1.19,-0.0731319725047106,0.21206448043658546,0.014067073583971634,-35.70889932534101,-26.229260388868166,-84.38134798435583,-0.6352,-0.3066,-0.2269,-0.6716
343,406124.0,154.88671200000002,1.0,1.0,6.87,6.91,20.5,-23.19,-16.87,-4.19,4.38,1.19,-0.0731319725047106,0.21206448043658546,0.014067073583971634,-35.70889932534101,-26.229260388868166,-84.38134798435583,-0.6352,-0.3066,-0.2269,-0.6716
344,406161.0,154.905613,1.0,1.19,6.87,6.77,21.19,-23.19,-18.5,-1.94,2.19,-0.31,-0.1791064784731835,0.005887889727917539,0.08997432350839851,-35.63667282414923,-26.25279302590076,-84.45870287953169,-0.6349,-0.306,-0.2271,-0.6721
345,406161.0,154.905613,1.0,1.19,6.87,6.77,21.19,-23.19,-18.5,-1.94,2.19,-0.31,-0.1791064784731835,0.005887889727917539,0.08997432350839851,-35.63667282414923,-26.25279302590076,-84.45870287953169,-0.6349,-0.306,-0.2271,-0.6721
346,406198.0,154.954828,1.0,1.05,6.86,6.94,20.75,-23.19,-17.69,-2.31,1.75,-1.63,-0.06577285105459474,0.14445040111204846,-0.006632224295943345,-35.528360490512846,-26.25279302590076,-84.45870287953169,-0.6353,-0.3051,-0.2271,-0.6721
347,406198.0,154.954828,1.0,1.05,6.86,6.94,20.75,-23.19,-17.69,-2.31,1.75,-1.63,-0.06577285105459474,0.14445040111204846,-0.006632224295943345,-35.528360490512846,-26.25279302590076,-84.45870287953169,-0.6353,-0.3051,-0.2271,-0.6721
