acc_x,acc_y,acc_z,lin_x,lin_y,lin_z,eul_x,eul_y,eul_z
4.77,6.65,4.98,0.0659357092902583,-0.0592078683137811,0.2270911943675546,-58.37904205289053,-5.777862453568277,-69.63997654209203
4.77,6.65,4.98,0.0659357092902583,-0.0592078683137811,0.2270911943675546,-58.37904205289053,-5.777862453568277,-69.63997654209203
4.65,6.81,5.03,-0.0846290825114114,0.0881867666638327,0.148256706466201,-58.2740608132382,-5.686074397008276,-69.77961983723269
4.65,6.81,5.03,-0.0846290825114114,0.0881867666638327,0.148256706466201,-58.2740608132382,-5.686074397008276,-69.77961983723269
4.65,8.0,5.16,-1.0070182071439644,0.3564936119124251,-0.7340770449028415,-57.72378450652888,-5.4336758888612415,-71.05589605083351
4.65,8.0,5.16,-1.0070182071439644,0.3564936119124251,-0.7340770449028415,-57.72378450652888,-5.4336758888612415,-71.05589605083351
5.6,9.77,5.41,-2.188463667124134,0.1479867801467831,-2.4925258541204425,-56.70567847737765,-5.112479412053579,-73.89744006262889
5.6,9.77,5.41,-2.188463667124134,0.1479867801467831,-2.4925258541204425,-56.70567847737765,-5.112479412053579,-73.89744006262889
7.25,12.07,6.12,-3.9207320289795065,-0.0021297638999557,-5.036855509853119,-54.31009785710634,-4.6536963885673295,-79.6731491009361
7.25,12.07,6.12,-3.9207320289795065,-0.0021297638999557,-5.036855509853119,-54.31009785710634,-4.6536963885673295,-79.6731491009361
10.48,17.03,5.09,-8.538453042387928,-1.6250377589057727,-8.907341341375224,-52.539778806860255,-4.779853967883568,-83.36465078667902
10.48,17.03,5.09,-8.538453042387928,-1.6250377589057727,-8.907341341375224,-52.539778806860255,-4.779853967883568,-83.36465078667902
13.52,18.18,1.8,-10.350420023258078,-4.711145005699112,-9.871173001475915,-55.09709191896828,-7.499640647274437,-83.64113019308031
13.52,18.18,1.8,-10.350420023258078,-4.711145005699112,-9.871173001475915,-55.09709191896828,-7.499640647274437,-83.64113019308031
11.29,14.48,4.91,-3.197069795076996,-1.1609418580970663,-8.89291038861675,-63.99739696031453,-9.76355056625781,-79.4196881806162
11.29,14.48,4.91,-3.197069795076996,-1.1609418580970663,-8.89291038861675,-63.99739696031453,-9.76355056625781,-79.4196881806162
8.37,12.47,6.59,2.627916755531308,3.170075791628851,-6.0688207962103125,-78.45482596144389,-12.941964550756788,-71.0277375402144
8.37,12.47,6.59,2.627916755531308,3.170075791628851,-6.0688207962103125,-78.45482596144389,-12.941964550756788,-71.0277375402144
7.35,7.38,3.66,3.856076053352561,0.8606358987665406,-0.5022046075941553,-88.54952961516125,-15.968397992715149,-65.2311808589057
7.35,7.38,3.66,3.856076053352561,0.8606358987665406,-0.5022046075941553,-88.54952961516125,-15.968397992715149,-65.2311808589057
6.58,5.9,2.29,4.548567942955517,1.0557844009463515,1.961501883677672,-102.61275550473172,-17.972797887176398,-57.50146795059126
6.58,5.9,2.29,4.548567942955517,1.0557844009463515,1.961501883677672,-102.61275550473172,-17.972797887176398,-57.50146795059126
4.69,1.35,2.86,5.187000820629999,-0.3203213041927525,7.572681166541495,-117.43114513307,-18.611168175342147,-48.72395587995984
4.69,1.35,2.86,5.187000820629999,-0.3203213041927525,7.572681166541495,-117.43114513307,-18.611168175342147,-48.72395587995984
2.74,-0.29,1.78,3.123088313963065,-0.9566698933612638,9.504653148487456,-126.5308282926202,-17.92639313237552,-42.55680426104336
2.74,-0.29,1.78,3.123088313963065,-0.9566698933612638,9.504653148487456,-126.5308282926202,-17.92639313237552,-42.55680426104336
5.37,-0.23,-2.61,2.620476782912512,-2.6112316931070545,5.114478810121078,-137.4343266309111,-15.436288478593855,-34.747070547478
5.37,-0.23,-2.61,2.620476782912512,-2.6112316931070545,5.114478810121078,-137.4343266309111,-15.436288478593855,-34.747070547478
1.54,-0.94,-1.1,0.6496669237056591,-1.471341657940701,8.436144029983401,-146.5113892939378,-11.962154211464537,-28.17459680285253
1.54,-0.94,-1.1,0.6496669237056591,-1.471341657940701,8.436144029983401,-146.5113892939378,-11.962154211464537,-28.17459680285253
3.01,0.78,-4.49,1.3160217781503984,-0.0670873354026971,4.506443780534341,-157.863978815261,-6.282764679968377,-20.01766618340029
3.01,0.78,-4.49,1.3160217781503984,-0.0670873354026971,4.506443780534341,-157.863978815261,-6.282764679968377,-20.01766618340029
-1.55,0.13,-1.73,-1.914771238833204,0.139997647198006,8.492742940228958,-165.6781993872616,-2.452446574526375,-13.8765501759761
-1.55,0.13,-1.73,-1.914771238833204,0.139997647198006,8.492742940228958,-165.6781993872616,-2.452446574526375,-13.8765501759761
3.02,-0.23,-6.45,1.7606707646783093,0.1999839354645113,2.9047774364153,-168.6513771745933,2.223215714892369,-10.776022876638455
3.02,-0.23,-6.45,1.7606707646783093,0.1999839354645113,2.9047774364153,-168.6513771745933,2.223215714892369,-10.776022876638455
2.27,-1.81,-5.76,1.3853489321695045,-1.0135030836680154,3.588915699184932,-167.54604215985927,4.997776256010228,-9.60254790532585
2.27,-1.81,-5.76,1.3853489321695045,-1.0135030836680154,3.588915699184932,-167.54604215985927,4.997776256010228,-9.60254790532585
-2.43,-3.43,1.74,-1.6031691154347207,-3.9188715305761055,11.470889980939155,-164.19211217641143,7.35035834348681,-11.731740790019304
-2.43,-3.43,1.74,-1.6031691154347207,-3.9188715305761055,11.470889980939155,-164.19211217641143,7.35035834348681,-11.731740790019304
4.78,-1.58,-3.32,3.3546052059626645,-0.3353181431128667,4.806511436417233,-154.84376268843482,10.764512919793646,-21.76552371074204
4.78,-1.58,-3.32,3.3546052059626645,-0.3353181431128667,4.806511436417233,-154.84376268843482,10.764512919793646,-21.76552371074204
7.75,-1.91,-6.91,3.778006490072732,-0.1729697613847551,-0.0500963405839343,-149.07278485727542,12.549930441445206,-27.99741414521811
7.75,-1.91,-6.91,3.778006490072732,-0.1729697613847551,-0.0500963405839343,-149.07278485727542,12.549930441445206,-27.99741414521811
7.35,2.83,-8.37,0.2568208724666788,3.864024736861121,-1.014239791158154,-141.26122730722247,16.778799324271787,-34.65102767354547
7.35,2.83,-8.37,0.2568208724666788,3.864024736861121,-1.014239791158154,-141.26122730722247,16.778799324271787,-34.65102767354547
5.6,-2.01,-4.12,2.272913122888204,-0.927031901429558,2.9986416429594103,-136.99450746728783,18.773754707559725,-38.18570299849585
5.6,-2.01,-4.12,2.272913122888204,-0.927031901429558,2.9986416429594103,-136.99450746728783,18.773754707559725,-38.18570299849585
9.21,2.77,-7.07,-0.0886900806458468,3.2671413525525,-1.6737603346542684,-127.87100362286014,22.606293449751373,-45.47378742330781
9.21,2.77,-7.07,-0.0886900806458468,3.2671413525525,-1.6737603346542684,-127.87100362286014,22.606293449751373,-45.47378742330781
14.39,1.67,-12.18,-1.6075703146107652,1.04546465207056,-9.022479596050188,-121.196776153626,24.32675435471253,-51.06207881053215
14.39,1.67,-12.18,-1.6075703146107652,1.04546465207056,-9.022479596050188,-121.196776153626,24.32675435471253,-51.06207881053215
10.47,-1.9,-6.1,1.8295293026471853,-0.69571370621141,-2.301599459345677,-117.87389590745228,28.26912231018425,-52.37371140576522
10.47,-1.9,-6.1,1.8295293026471853,-0.69571370621141,-2.301599459345677,-117.87389590745228,28.26912231018425,-52.37371140576522
7.98,-0.56,-1.88,2.785975695779603,1.7612461290246522,2.2790506817896405,-115.90316761296934,33.18943360011411,-51.125583264636
7.98,-0.56,-1.88,2.785975695779603,1.7612461290246522,2.2790506817896405,-115.90316761296934,33.18943360011411,-51.125583264636
13.97,-0.28,-9.55,-0.6098092894166707,0.648586464750732,-7.09451174197156,-108.4854908547432,41.14593859433644,-52.51422225376784
13.97,-0.28,-9.55,-0.6098092894166707,0.648586464750732,-7.09451174197156,-108.4854908547432,41.14593859433644,-52.51422225376784
9.58,4.22,-6.29,-4.367147245802614,3.602294299489494,-1.0146438557893394,-101.79156838217143,50.3899583498149,-51.93993891277072
9.58,4.22,-6.29,-4.367147245802614,3.602294299489494,-1.0146438557893394,-101.79156838217143,50.3899583498149,-51.93993891277072
14.25,-2.54,-13.37,-1.9335360577637075,-2.3307895255573987,-9.663836858342282,-98.61153960499006,53.67992638338189,-52.28433952334372
14.25,-2.54,-13.37,-1.9335360577637075,-2.3307895255573987,-9.663836858342282,-98.61153960499006,53.67992638338189,-52.28433952334372
9.19,3.02,-8.8,-5.314601926704796,0.7780356579415749,-2.1166954565250737,-95.90673837953938,57.78921694693311,-51.0874785737173
9.19,3.02,-8.8,-5.314601926704796,0.7780356579415749,-2.1166954565250737,-95.90673837953938,57.78921694693311,-51.0874785737173
5.48,-1.02,-1.35,1.1016054826172337,1.897968494957085,4.507831173806941,-95.872524082521,59.06273808576779,-50.14946187500939
5.48,-1.02,-1.35,1.1016054826172337,1.897968494957085,4.507831173806941,-95.872524082521,59.06273808576779,-50.14946187500939
15.92,-11.72,-17.5,4.345736769062056,-8.151592063411575,-14.926342515378066,-93.77278810820258,59.65626789743028,-51.45607859919252
15.92,-11.72,-17.5,4.345736769062056,-8.151592063411575,-14.926342515378066,-93.77278810820258,59.65626789743028,-51.45607859919252
7.88,0.49,-8.2,-2.340979931478844,-1.4565412424348227,-1.2374796881872818,-93.43797599516576,60.3443284261737,-48.64849167574625
7.88,0.49,-8.2,-2.340979931478844,-1.4565412424348227,-1.2374796881872818,-93.43797599516576,60.3443284261737,-48.64849167574625
7.61,-0.95,-5.66,0.618868223016479,-0.9374790498716874,0.341538529256928,-93.35443526255776,58.87843997243265,-46.85645674888645
7.61,-0.95,-5.66,0.618868223016479,-0.9374790498716874,0.341538529256928,-93.35443526255776,58.87843997243265,-46.85645674888645
1.62,5.24,5.84,-3.3277628920084417,7.217972798576037,10.813855447556778,-86.14135405488717,60.33107392327209,-49.77021027536523
1.62,5.24,5.84,-3.3277628920084417,7.217972798576037,10.813855447556778,-86.14135405488717,60.33107392327209,-49.77021027536523
4.81,2.55,4.13,-0.8960627228398454,5.965461702784804,6.59637925295316,-82.75236627086224,58.60230588655673,-50.97320080007504
4.81,2.55,4.13,-0.8960627228398454,5.965461702784804,6.59637925295316,-82.75236627086224,58.60230588655673,-50.97320080007504
10.72,2.69,-2.94,-1.2719071371617452,0.2986584665951697,-1.5551788736790986,-80.43635874499638,55.135868994465206,-52.80829290405338
10.72,2.69,-2.94,-1.2719071371617452,0.2986584665951697,-1.5551788736790986,-80.43635874499638,55.135868994465206,-52.80829290405338
8.74,-0.65,-0.35,2.3735700681005447,1.081644992350633,1.432355448078626,-80.8421541496524,51.927193035567214,-53.67992638338189
8.74,-0.65,-0.35,2.3735700681005447,1.081644992350633,1.432355448078626,-80.8421541496524,51.927193035567214,-53.67992638338189
11.04,0.15,-1.2,2.220614848743013,-0.1402369872163986,-1.0742186822770936,-79.13695813068195,47.97031813194389,-55.38161658816516
11.04,0.15,-1.2,2.220614848743013,-0.1402369872163986,-1.0742186822770936,-79.13695813068195,47.97031813194389,-55.38161658816516
11.43,2.1,3.5,1.8180087465070207,3.5738052360346644,-1.6488142128774186,-75.88930894202932,43.66568603094216,-57.07058565644391
11.43,2.1,3.5,1.8180087465070207,3.5738052360346644,-1.6488142128774186,-75.88930894202932,43.66568603094216,-57.07058565644391
4.29,4.91,2.27,-2.576122709495483,2.2001109201805336,3.790986800940063,-71.38007517925647,33.90753998612701,-62.115262460964935
4.29,4.91,2.27,-2.576122709495483,2.2001109201805336,3.790986800940063,-71.38007517925647,33.90753998612701,-62.115262460964935
14.75,-10.3,2.12,13.799312157717376,-5.394687118663136,-0.6155971120964859,-69.61206209055514,29.89098396291072,-67.13238693393745
14.75,-10.3,2.12,13.799312157717376,-5.394687118663136,-0.6155971120964859,-69.61206209055514,29.89098396291072,-67.13238693393745
8.88,6.14,3.17,-2.545467480876635,-0.1786003399404934,-1.1519811746665116,-61.7944910115485,23.22597958095469,-73.62524665323141
8.88,6.14,3.17,-2.545467480876635,-0.1786003399404934,-1.1519811746665116,-61.7944910115485,23.22597958095469,-73.62524665323141
8.35,5.33,4.64,-0.7851954718235565,1.3068425159989383,-1.025553409713341,-64.38967098038597,23.17918701849416,-69.59810663742078
8.35,5.33,4.64,-0.7851954718235565,1.3068425159989383,-1.025553409713341,-64.38967098038597,23.17918701849416,-69.59810663742078
0.96,5.07,11.22,0.0658911031126328,9.085600788714396,1.4422960697407718,-58.970568079244025,16.848301053200124,-69.79359069064598
0.96,5.07,11.22,0.0658911031126328,9.085600788714396,1.4422960697407718,-58.970568079244025,16.848301053200124,-69.79359069064598
8.69,5.94,5.7,-0.142313853118785,-3.285669711565572,-1.7030772475811116,-47.84492701246389,3.2777655386010047,-74.22758955699375
8.69,5.94,5.7,-0.142313853118785,-3.285669711565572,-1.7030772475811116,-47.84492701246389,3.2777655386010047,-74.22758955699375
5.45,7.49,5.32,-2.4887995415650632,-1.2257048987208137,-0.5088007581180047,-45.92144367093,-0.0229183119580216,-76.66148200858531
5.45,7.49,5.32,-2.4887995415650632,-1.2257048987208137,-0.5088007581180047,-45.92144367093,-0.0229183119580216,-76.66148200858531
0.85,6.78,7.37,-1.6310045458748823,4.010366071798856,0.7366671917748313,-48.78685991006569,-0.1833465726697912,-75.59897705351443
0.85,6.78,7.37,-1.6310045458748823,4.010366071798856,0.7366671917748313,-48.78685991006569,-0.1833465726697912,-75.59897705351443
7.22,4.78,5.16,0.8764518380858524,-2.3833603746218306,0.0519677652883832,-51.35433895468569,-0.1260507403490224,-73.56800446686195
7.22,4.78,5.16,0.8764518380858524,-2.3833603746218306,0.0519677652883832,-51.35433895468569,-0.1260507403490224,-73.56800446686195
4.8,6.19,5.66,-0.7270007283237873,0.3804128917160417,0.1776076814289098,-52.92346596535568,1.5928739664684124,-73.38211475609262
4.8,6.19,5.66,-0.7270007283237873,0.3804128917160417,0.1776076814289098,-52.92346596535568,1.5928739664684124,-73.38211475609262
5.91,5.04,7.59,1.7401343461559788,0.9479421377333974,-0.8709498314620188,-55.316919407310365,1.867925133192117,-73.06804274776655
5.91,5.04,7.59,1.7401343461559788,0.9479421377333974,-0.8709498314620188,-55.316919407310365,1.867925133192117,-73.06804274776655
6.62,7.36,6.92,-0.3850144657241713,0.6393410011546071,-2.2483658417741523,-56.10754388870858,4.000057708800217,-71.91712490112356
6.62,7.36,6.92,-0.3850144657241713,0.6393410011546071,-2.2483658417741523,-56.10754388870858,4.000057708800217,-71.91712490112356
8.85,6.04,5.79,0.337374512710351,-1.9707375333387656,-2.207115937992272,-54.46469598924939,5.468092286497271,-72.98249746822417
8.85,6.04,5.79,0.337374512710351,-1.9707375333387656,-2.207115937992272,-54.46469598924939,5.468092286497271,-72.98249746822417
11.19,7.11,7.91,0.4154026656212866,-0.7604953026514996,-5.607155095434406,-56.51045043124189,10.258180960550504,-74.3282126664446
11.19,7.11,7.91,0.4154026656212866,-0.7604953026514996,-5.607155095434406,-56.51045043124189,10.258180960550504,-74.3282126664446
9.64,8.38,6.34,-1.082046639207516,0.0769002776013989,-4.412100346562968,-60.278064818090016,11.259541000283244,-70.61999179043644
9.64,8.38,6.34,-1.082046639207516,0.0769002776013989,-4.412100346562968,-60.278064818090016,11.259541000283244,-70.61999179043644
8.78,10.29,7.53,-1.2634260921093847,2.07694549588767,-5.482674769815347,-63.84882293017529,9.98208514628972,-66.1586995980381
8.78,10.29,7.53,-1.2634260921093847,2.07694549588767,-5.482674769815347,-63.84882293017529,9.98208514628972,-66.1586995980381
5.2,7.47,7.69,0.9463339314725868,4.4212595878223455,-1.217592184714226,-69.8914199628782,6.994427393261249,-61.75443240547686
5.2,7.47,7.69,0.9463339314725868,4.4212595878223455,-1.217592184714226,-69.8914199628782,6.994427393261249,-61.75443240547686
6.87,8.73,3.31,-0.3739082374514514,0.2689289395064662,-1.7758268445899272,-73.32496313273802,3.2089830530311807,-58.99689808623479
6.87,8.73,3.31,-0.3739082374514514,0.2689289395064662,-1.7758268445899272,-73.32496313273802,3.2089830530311807,-58.99689808623479
5.02,13.02,4.42,0.2161560869795802,2.419943138470063,-4.627834810779818,-79.64330592338119,-8.257737442475136,-49.441996043237744
5.02,13.02,4.42,0.2161560869795802,2.419943138470063,-4.627834810779818,-79.64330592338119,-8.257737442475136,-49.441996043237744
1.56,4.16,0.39,0.1599670924910803,0.127431169608728,5.351375392713473,-85.40628863509704,-15.852692930840096,-44.54350821350816
1.56,4.16,0.39,0.1599670924910803,0.127431169608728,5.351375392713473,-85.40628863509704,-15.852692930840096,-44.54350821350816
2.75,7.86,-0.3,0.3057554597445081,-0.5356865909549136,1.4969175449141243,-87.46620685664602,-19.633782752905432,-39.912193788917286
2.75,7.86,-0.3,0.3057554597445081,-0.5356865909549136,1.4969175449141243,-87.46620685664602,-19.633782752905432,-39.912193788917286
1.38,6.93,-1.11,-0.5279313175295114,-0.5104151593664428,2.691724498699198,-88.90215600126406,-21.928912393640328,-36.22695406441953
1.38,6.93,-1.11,-0.5279313175295114,-0.5104151593664428,2.691724498699198,-88.90215600126406,-21.928912393640328,-36.22695406441953
2.75,4.76,-1.2,1.070638023655187,-1.7303460816704237,4.560724279981509,-91.74628360102052,-21.75385480831424,-32.007467853657644
2.75,4.76,-1.2,1.070638023655187,-1.7303460816704237,4.560724279981509,-91.74628360102052,-21.75385480831424,-32.007467853657644
2.0,6.3,-1.29,0.6565801887193429,-0.8679413250077674,3.160622591681177,-94.74971670141692,-20.54151049721856,-28.552816976564145
2.0,6.3,-1.29,0.6565801887193429,-0.8679413250077674,3.160622591681177,-94.74971670141692,-20.54151049721856,-28.552816976564145
-0.6,7.06,-1.76,-1.5679716567355393,0.2510064002197234,2.680665108721972,-96.92121959185582,-17.613238149656624,-23.95177191669858
-0.6,7.06,-1.76,-1.5679716567355393,0.2510064002197234,2.680665108721972,-96.92121959185582,-17.613238149656624,-23.95177191669858
0.06,5.77,-0.92,-0.5318162658474579,0.4254947328404825,4.003286691391353,-98.96366523953266,-13.922726077012074,-20.57644875978384
0.06,5.77,-0.92,-0.5318162658474579,0.4254947328404825,4.003286691391353,-98.96366523953266,-13.922726077012074,-20.57644875978384
2.17,10.53,-3.31,0.1505506671263109,-1.4064271359558769,-1.3533319537432416,-99.52971641733647,-12.411600904099071,-20.122400879873982
2.17,10.53,-3.31,0.1505506671263109,-1.4064271359558769,-1.3533319537432416,-99.52971641733647,-12.411600904099071,-20.122400879873982
11.23,2.95,-8.51,7.086674610562488,-10.758220101703492,3.382068830202858,-102.31994097048526,-11.017757342406153,-19.09904255892851
11.23,2.95,-8.51,7.086674610562488,-10.758220101703492,3.382068830202858,-102.31994097048526,-11.017757342406153,-19.09904255892851
1.2,8.88,-2.69,-0.5204918513420679,0.081358455972901,0.4657202264534615,-106.1456894229273,-4.321125783265932,-16.373495591769153
1.2,8.88,-2.69,-0.5204918513420679,0.081358455972901,0.4657202264534615,-106.1456894229273,-4.321125783265932,-16.373495591769153
3.0,10.04,-4.15,0.9146043541419908,-0.4887457885647448,-1.4160380215724029,-110.1495692444103,0.0229183119580216,-12.757459245108164
3.0,10.04,-4.15,0.9146043541419908,-0.4887457885647448,-1.4160380215724029,-110.1495692444103,0.0229183119580216,-12.757459245108164
3.22,9.04,-6.19,1.1358419304283949,-1.821325348863748,-1.409353614597629,-114.72508670230464,2.578527672575933,-10.499813733449365
3.22,9.04,-6.19,1.1358419304283949,-1.821325348863748,-1.409353614597629,-114.72508670230464,2.578527672575933,-10.499813733449365
2.81,11.9,-7.18,1.0508014022532035,-0.2025181078841252,-4.332420083601736,-119.94836140851372,3.163128706652845,-6.454917855397503
2.81,11.9,-7.18,1.0508014022532035,-0.2025181078841252,-4.332420083601736,-119.94836140851372,3.163128706652845,-6.454917855397503
2.41,10.85,-6.14,1.6656813130567958,1.5306557444259867,-2.687860744938723,-126.6328096707232,0.5500415954991054,-3.724881599063971
2.41,10.85,-6.14,1.6656813130567958,1.5306557444259867,-2.687860744938723,-126.6328096707232,0.5500415954991054,-3.724881599063971
-0.44,17.77,1.47,0.2232054600906576,15.062560987959072,0.2569465592328957,-142.84730495776557,-1.9939937526124856,0.8136069048374162
-0.44,17.77,1.47,0.2232054600906576,15.062560987959072,0.2569465592328957,-142.84730495776557,-1.9939937526124856,0.8136069048374162
-0.32,-5.49,0.41,-1.222552346659237,-4.971058936484944,11.857147210354396,-159.3455716366145,-10.706964767003903,-4.103254614165427
-0.32,-5.49,0.41,-1.222552346659237,-4.971058936484944,11.857147210354396,-159.3455716366145,-10.706964767003903,-4.103254614165427
-2.84,-0.93,-1.71,-3.290766095522125,0.1359076353307223,8.803162272511075,-157.21671751944734,-17.868391355752113,-13.4841456448157
-2.84,-0.93,-1.71,-3.290766095522125,0.1359076353307223,8.803162272511075,-157.21671751944734,-17.868391355752113,-13.4841456448157
8.89,-4.98,-7.04,2.9267600063778483,-5.770697400963233,-0.7539952156856078,-144.46400874868328,-24.854522251558684,-22.04564621480964
8.89,-4.98,-7.04,2.9267600063778483,-5.770697400963233,-0.7539952156856078,-144.46400874868328,-24.854522251558684,-22.04564621480964
6.72,-1.75,-9.0,0.4241936921652731,-1.4895304097923514,-1.454888921028111,-137.1510918031107,-28.6474215027532,-28.91952089539617
6.72,-1.75,-9.0,0.4241936921652731,-1.4895304097923514,-1.454888921028111,-137.1510918031107,-28.6474215027532,-28.91952089539617
4.32,-6.61,-2.31,-2.241523935809441,-5.952823723164581,4.58840698475796,-127.4552625013064,-34.435022863600715,-33.428651899003285
4.32,-6.61,-2.31,-2.241523935809441,-5.952823723164581,4.58840698475796,-127.4552625013064,-34.435022863600715,-33.428651899003285
8.89,-4.82,-8.88,-2.314202247586046,-3.164633908564121,-3.0676833878703764,-122.04262905399636,-36.01000138130928,-39.40057712393039
8.89,-4.82,-8.88,-2.314202247586046,-3.164633908564121,-3.0676833878703764,-122.04262905399636,-36.01000138130928,-39.40057712393039
6.71,-5.2,-5.85,-3.0566236590134674,-3.4200074457208376,0.5737089258691146,-117.32089688772967,-37.02360533619834,-43.62865462912293
6.71,-5.2,-5.85,-3.0566236590134674,-3.4200074457208376,0.5737089258691146,-117.32089688772967,-37.02360533619834,-43.62865462912293
17.28,-1.31,-11.49,2.214595522496288,-1.6639348364736597,-10.800666359286303,-117.32089688772967,-36.72162758785172,-43.64099789729804
17.28,-1.31,-11.49,2.214595522496288,-1.6639348364736597,-10.800666359286303,-117.32089688772967,-36.72162758785172,-43.64099789729804
4.4,-0.79,-4.41,-0.2654570367051937,-0.0965960081360416,3.533500729268761,-120.01709840281568,-35.841352697842005,-41.30509675325747
4.4,-0.79,-4.41,-0.2654570367051937,-0.0965960081360416,3.533500729268761,-120.01709840281568,-35.841352697842005,-41.30509675325747
10.0,-8.84,-7.97,-3.609167225560096,-6.584571079753702,-3.805250515123306,-122.20841159701892,-33.08183396795116,-40.80341749737214
10.0,-8.84,-7.97,-3.609167225560096,-6.584571079753702,-3.805250515123306,-122.20841159701892,-33.08183396795116,-40.80341749737214
8.22,-2.34,-6.48,1.6649177820761736,-2.26431523563866,-0.543969560807998,-134.3222466489682,-24.06892577380089,-35.143514652215984
8.22,-2.34,-6.48,1.6649177820761736,-2.26431523563866,-0.543969560807998,-134.3222466489682,-24.06892577380089,-35.143514652215984
8.86,7.44,-6.83,6.826534170019933,6.6204789161893896,0.3161394686406815,-146.951724947316,-15.563501157916,-27.312945744821853
8.86,7.44,-6.83,6.826534170019933,6.6204789161893896,0.3161394686406815,-146.951724947316,-15.563501157916,-27.312945744821853
3.08,7.72,-8.0,2.040751263160872,8.445713344434138,2.217838473446289,-149.11579237958978,-15.968397992715149,-24.04549296367276
3.08,7.72,-8.0,2.040751263160872,8.445713344434138,2.217838473446289,-149.11579237958978,-15.968397992715149,-24.04549296367276
3.24,1.93,-7.86,0.6502504904934614,3.1391768771268005,1.6995640356275086,-145.4536804163923,-20.18059415638896,-24.303310245881057
3.24,1.93,-7.86,0.6502504904934614,3.1391768771268005,1.6995640356275086,-145.4536804163923,-20.18059415638896,-24.303310245881057
3.3,1.81,-3.47,2.1912620056791106,1.527820855449995,5.439599020664035,-138.74807199122864,-26.85325924989716,-26.74724052277769
3.3,1.81,-3.47,2.1912620056791106,1.527820855449995,5.439599020664035,-138.74807199122864,-26.85325924989716,-26.74724052277769
7.35,-6.23,-6.88,-2.4856068232742463,-4.798556973027937,-0.7273620417957325,-125.24598763170717,-34.831128724414064,-36.35960237870008
7.35,-6.23,-6.88,-2.4856068232742463,-4.798556973027937,-0.7273620417957325,-125.24598763170717,-34.831128724414064,-36.35960237870008
8.72,-5.26,-5.5,-1.7130088609842091,-4.924531249935932,-0.5263356581045375,-118.1409144049607,-39.74156329781962,-40.5589927006499
8.72,-5.26,-5.5,-1.7130088609842091,-4.924531249935932,-0.5263356581045375,-118.1409144049607,-39.74156329781962,-40.5589927006499
6.92,-3.94,-7.2,-3.469738334857309,-1.8761085727500952,-0.1778946822013463,-112.38260211278735,-43.44356934572808,-44.30833052387342
6.92,-3.94,-7.2,-3.469738334857309,-1.8761085727500952,-0.1778946822013463,-112.38260211278735,-43.44356934572808,-44.30833052387342
7.33,-4.97,-6.09,-3.719160815116759,-3.4649351760773444,0.3366992579484904,-111.82855209706509,-43.23394986814831,-45.70995860569551
7.33,-4.97,-6.09,-3.719160815116759,-3.4649351760773444,0.3366992579484904,-111.82855209706509,-43.23394986814831,-45.70995860569551
9.16,-0.82,-3.71,1.896766392031565,-3.162252075163172,0.6009702821743925,-115.45109275023192,-41.99165970563765,-42.815165407712406
9.16,-0.82,-3.71,1.896766392031565,-3.162252075163172,0.6009702821743925,-115.45109275023192,-41.99165970563765,-42.815165407712406
8.55,-5.66,-8.12,-3.2314305168456894,-4.505948082834335,-2.039310859702349,-120.36186107562722,-38.87762497174376,-40.05852194281655
8.55,-5.66,-8.12,-3.2314305168456894,-4.505948082834335,-2.039310859702349,-120.36186107562722,-38.87762497174376,-40.05852194281655
10.45,-5.81,-8.64,-1.2353929067823348,-5.758294854349956,-3.718291579771748,-127.04255474483055,-32.580097056893266,-37.9917401637673
10.45,-5.81,-8.64,-1.2353929067823348,-5.758294854349956,-3.718291579771748,-127.04255474483055,-32.580097056893266,-37.9917401637673
13.51,1.01,-9.79,6.971044791679606,-0.69864418118259,-5.369012450795894,-143.35423456188457,-19.95948754584176,-29.0497142065708
13.51,1.01,-9.79,6.971044791679606,-0.69864418118259,-5.369012450795894,-143.35423456188457,-19.95948754584176,-29.0497142065708
5.68,5.92,-6.91,4.8816382315207285,5.91514593657624,2.307479597511417,-158.5921035424659,-11.593515641253694,-15.794846506662765
5.68,5.92,-6.91,4.8816382315207285,5.91514593657624,2.307479597511417,-158.5921035424659,-11.593515641253694,-15.794846506662765
0.42,3.58,-5.26,0.4454513490520339,4.259064497638204,5.081997346038488,-167.86710278173726,-6.971466463000762,-5.181303758795194
0.42,3.58,-5.26,0.4454513490520339,4.259064497638204,5.081997346038488,-167.86710278173726,-6.971466463000762,-5.181303758795194
0.17,2.45,-9.71,0.0954448410232227,3.723515898537789,0.5092407030152533,-169.61974434488633,-6.351624225020216,-2.509755787270372
0.17,2.45,-9.71,0.0954448410232227,3.723515898537789,0.5092407030152533,-169.61974434488633,-6.351624225020216,-2.509755787270372
-1.07,0.22,-7.11,-0.9572924085889992,1.4894455276191347,2.834523834710588,-168.08593042045837,-7.614481849246592,-0.011459155921715
-1.07,0.22,-7.11,-0.9572924085889992,1.4894455276191347,2.834523834710588,-168.08593042045837,-7.614481849246592,-0.011459155921715
-1.4,-3.92,-6.27,-1.92706115590314,-2.3882016496486784,2.934806856997927,-165.5865648948541,-9.53355259965066,0.011459155921715
-1.4,-3.92,-6.27,-1.92706115590314,-2.3882016496486784,2.934806856997927,-165.5865648948541,-9.53355259965066,0.011459155921715
0.81,-4.92,-8.1,-0.3222390762388454,-3.2853073441068745,0.886144541647198,-164.61437509688025,-10.097117916179354,-2.6931495578860725
0.81,-4.92,-8.1,-0.3222390762388454,-3.2853073441068745,0.886144541647198,-164.61437509688025,-10.097117916179354,-2.6931495578860725
0.74,-1.15,-9.38,-0.2604381315208549,-0.0180118846608466,0.3310841830336599,-166.33674754112943,-10.338720083250598,-5.3992599817249625
0.74,-1.15,-9.38,-0.2604381315208549,-0.0180118846608466,0.3310841830336599,-166.33674754112943,-10.338720083250598,-5.3992599817249625
2.66,-3.55,-10.06,0.9316562426831634,-3.066135592098357,-0.7105991259044142,-167.02852064224476,-10.476799088278916,-6.2024314124588535
2.66,-3.55,-10.06,0.9316562426831634,-3.066135592098357,-0.7105991259044142,-167.02852064224476,-10.476799088278916,-6.2024314124588535
1.62,1.81,-8.83,0.8830164509102078,1.2457018070909922,0.7768156186155775,-168.53606406960452,-9.280599254023052,-6.294241112432486
1.62,1.81,-8.83,0.8830164509102078,1.2457018070909922,0.7768156186155775,-168.53606406960452,-9.280599254023052,-6.294241112432486
0.88,4.53,-10.73,0.2191711888666011,3.1780325282796453,-1.4307995878365247,-166.82718037176227,-9.25760576115156,-6.6729995322127
0.88,4.53,-10.73,0.2191711888666011,3.1780325282796453,-1.4307995878365247,-166.82718037176227,-9.25760576115156,-6.6729995322127
0.62,4.1,-9.0,0.0699045378737708,3.0461747389961524,0.377422416836767,-166.43342218753332,-9.752049739225924,-7.1781250358345785
0.62,4.1,-9.0,0.0699045378737708,3.0461747389961524,0.377422416836767,-166.43342218753332,-9.752049739225924,-7.1781250358345785
2.58,-0.38,-11.34,0.777643858862729,-1.4505018763520148,-1.7123653370621206,-165.6781993872616,-11.224997424028942,-8.073924421552888
2.58,-0.38,-11.34,0.777643858862729,-1.4505018763520148,-1.7123653370621206,-165.6781993872616,-11.224997424028942,-8.073924421552888
-0.92,5.21,-6.61,-0.6373487357279739,5.332282966609628,3.2611824878148847,-164.70021747025422,-13.011162702254634,-7.970538771598189
-0.92,5.21,-6.61,-0.6373487357279739,5.332282966609628,3.2611824878148847,-164.70021747025422,-13.011162702254634,-7.970538771598189
4.23,-4.25,-10.81,1.0265402592612924,-4.215155387473421,-1.7687627423418295,-160.8715680310398,-15.598198868035936,-10.304202691653051
4.23,-4.25,-10.81,1.0265402592612924,-4.215155387473421,-1.7687627423418295,-160.8715680310398,-15.598198868035936,-10.304202691653051
3.62,-0.21,-10.92,1.1078722460492385,0.3026812022544515,-1.6421885077367406,-157.6856148741907,-17.149547708947626,-12.7228682118641
3.62,-0.21,-10.92,1.1078722460492385,0.3026812022544515,-1.6421885077367406,-157.6856148741907,-17.149547708947626,-12.7228682118641
1.2,-2.84,-6.89,-1.2105736270749234,-1.7927578117836158,2.574898419523837,-155.8639137604186,-18.320928845487863,-13.172643633299913
1.2,-2.84,-6.89,-1.2105736270749234,-1.7927578117836158,2.574898419523837,-155.8639137604186,-18.320928845487863,-13.172643633299913
1.09,-1.46,-5.85,-0.944727429135515,-0.3176520204614783,3.761090697624765,-152.52794284369597,-18.994468937034103,-16.269308165184984
1.09,-1.46,-5.85,-0.944727429135515,-0.3176520204614783,3.761090697624765,-152.52794284369597,-18.994468937034103,-16.269308165184984
1.46,-2.77,-2.13,-0.4757563860648956,-2.4008414362907406,6.916837504541534,-147.6025936178383,-19.95948754584176,-22.11569761985897
1.46,-2.77,-2.13,-0.4757563860648956,-2.4008414362907406,6.916837504541534,-147.6025936178383,-19.95948754584176,-22.11569761985897
34.34,-2.54,-33.82,11.983198188175583,-1.7281511209771647,-36.914823166906594,-141.39967008106163,-20.83272200177108,-29.23915478171118
34.34,-2.54,-33.82,11.983198188175583,-1.7281511209771647,-36.914823166906594,-141.39967008106163,-20.83272200177108,-29.23915478171118
7.17,-0.38,-5.47,3.082791413400585,-0.6514604174121159,1.34815152651141,-141.226690896529,-19.598895357607173,-30.63884419055943
7.17,-0.38,-5.47,3.082791413400585,-0.6514604174121159,1.34815152651141,-141.226690896529,-19.598895357607173,-30.63884419055943
9.8,-2.18,-12.27,1.6886216462381567,-1.2528815459523766,-5.907170183763973,-142.81135091208287,-18.98285063278348,-29.487919662093987
9.8,-2.18,-12.27,1.6886216462381567,-1.2528815459523766,-5.907170183763973,-142.81135091208287,-18.98285063278348,-29.487919662093987
4.62,-0.97,-7.21,1.0353581143309198,-0.4408872623629394,1.2624676519356015,-148.90133503664836,-17.09160645080068,-23.76437852052494
4.62,-0.97,-7.21,1.0353581143309198,-0.4408872623629394,1.2624676519356015,-148.90133503664836,-17.09160645080068,-23.76437852052494
1.84,-1.44,-6.16,-0.8666943445775894,-0.5596441409166797,3.2996968459796907,-151.57882322936237,-16.19985740781584,-21.31060447484913
1.84,-1.44,-6.16,-0.8666943445775894,-0.5596441409166797,3.2996968459796907,-151.57882322936237,-16.19985740781584,-21.31060447484913
2.05,-1.38,-7.47,-0.9862938349880994,-0.450139948109631,2.0135505846081783,-153.1625065187994,-15.239724647140951,-20.459995384570263
2.05,-1.38,-7.47,-0.9862938349880994,-0.450139948109631,2.0135505846081783,-153.1625065187994,-15.239724647140951,-20.459995384570263
1.65,-1.58,-5.94,-0.9115626365753748,-0.9720377397364364,3.583572289403109,-153.8627830260387,-14.592535930080526,-20.56480245757989
1.65,-1.58,-5.94,-0.9115626365753748,-0.9720377397364364,3.583572289403109,-153.8627830260387,-14.592535930080526,-20.56480245757989
2.59,-2.29,-6.21,-0.5446663983055853,-2.016365944254756,3.0129833248232982,-153.3110465719337,-13.161108413553292,-22.676412633281863
2.59,-2.29,-6.21,-0.5446663983055853,-2.016365944254756,3.0129833248232982,-153.3110465719337,-13.161108413553292,-22.676412633281863
4.73,-1.76,-6.5,1.1145005786234423,-1.9119695861959936,1.880568953120052,-152.19213918576153,-10.856595634361932,-25.32409900412527
4.73,-1.76,-6.5,1.1145005786234423,-1.9119695861959936,1.880568953120052,-152.19213918576153,-10.856595634361932,-25.32409900412527
2.98,-6.26,-6.49,-1.3072887245655596,-6.349681832690076,2.866863489290222,-150.479330837061,-7.694875241065197,-28.446410631571
2.98,-6.26,-6.49,-1.3072887245655596,-6.349681832690076,2.866863489290222,-150.479330837061,-7.694875241065197,-28.446410631571
2.3,-6.6,-3.16,0.1258167726826347,-6.848048385727235,6.353534964781747,-150.97820441576042,-4.034456312516312,-28.56464145412097
2.3,-6.6,-3.16,0.1258167726826347,-6.848048385727235,6.353534964781747,-150.97820441576042,-4.034456312516312,-28.56464145412097
0.6,0.92,0.44,0.6088470320059327,1.0145375031882424,9.802297271874544,-152.28767595523584,5.146891353190199,-25.31235434951457
0.6,0.92,0.44,0.6088470320059327,1.0145375031882424,9.802297271874544,-152.28767595523584,5.146891353190199,-25.31235434951457
3.71,1.24,-2.24,1.923762734200588,1.0258901374724996,5.861274685997829,-145.6471679681556,13.357225465957494,-26.982869511205863
3.71,1.24,-2.24,1.923762734200588,1.0258901374724996,5.861274685997829,-145.6471679681556,13.357225465957494,-26.982869511205863
5.3,5.74,-2.38,0.9565023754036724,4.747775618209802,3.230501439863932,-135.91325060474233,20.01766618340029,-28.48187662578674
5.3,5.74,-2.38,0.9565023754036724,4.747775618209802,3.230501439863932,-135.91325060474233,20.01766618340029,-28.48187662578674
7.69,11.16,-4.73,-2.9089824822481543,6.411361783687316,-2.7028208519843946,-121.68883049333888,27.725866499273085,-34.039340850884635
7.69,11.16,-4.73,-2.9089824822481543,6.411361783687316,-2.7028208519843946,-121.68883049333888,27.725866499273085,-34.039340850884635
12.44,4.24,-9.17,1.3702618359075494,-1.4343250587514182,-6.095714419384088,-113.81705808343624,30.674489682178663,-39.79030547860814
12.44,4.24,-9.17,1.3702618359075494,-1.4343250587514182,-6.095714419384088,-113.81705808343624,30.674489682178663,-39.79030547860814
10.91,9.27,-4.67,-2.1132647448138315,3.8875614107639618,-4.587476524241262,-108.58359923261342,33.46454755353707,-41.70948903373751
10.91,9.27,-4.67,-2.1132647448138315,3.8875614107639618,-4.587476524241262,-108.58359923261342,33.46454755353707,-41.70948903373751
12.12,9.03,-5.18,-2.570164839483445,1.9472297580925584,-5.841680548882259,-101.465116029099,34.831128724414064,-45.69752343772229
12.12,9.03,-5.18,-2.570164839483445,1.9472297580925584,-5.841680548882259,-101.465116029099,34.831128724414064,-45.69752343772229
13.13,1.92,-5.59,2.7230961717506417,-3.0966770089818487,-3.989245720881637,-97.45833109591425,32.56815880254804,-49.73231720183757
13.13,1.92,-5.59,2.7230961717506417,-3.0966770089818487,-3.989245720881637,-97.45833109591425,32.56815880254804,-49.73231720183757
8.63,2.54,-3.14,0.7494542178213713,-1.6158119414483654,0.4463310874168052,-93.0375673318354,32.580097056893266,-51.78703388751428
8.63,2.54,-3.14,0.7494542178213713,-1.6158119414483654,0.4463310874168052,-93.0375673318354,32.580097056893266,-51.78703388751428
7.3,4.54,-7.95,-2.764477159473996,-5.497255180717303,-0.1553754724038594,-92.20807957779184,32.61591400140699,-49.65654846766405
7.3,4.54,-7.95,-2.764477159473996,-5.497255180717303,-0.1553754724038594,-92.20807957779184,32.61591400140699,-49.65654846766405
16.8,-1.44,-8.51,6.004017506025269,-7.138684417227222,-6.616646215394133,-92.4065848525884,36.54056778374004,-49.71968746801213
16.8,-1.44,-8.51,6.004017506025269,-7.138684417227222,-6.616646215394133,-92.4065848525884,36.54056778374004,-49.71968746801213
11.26,4.52,-2.0,0.3311900897002975,0.6534631841658491,-2.4685811176378305,-90.64896993931684,37.73733524113148,-50.57999179913578
11.26,4.52,-2.0,0.3311900897002975,0.6534631841658491,-2.4685811176378305,-90.64896993931684,37.73733524113148,-50.57999179913578
6.75,4.74,-1.56,-1.8836836987444656,0.7747436829594803,1.6632349946844318,-89.04671926027092,39.42492119409256,-51.21451779561868
6.75,4.74,-1.56,-1.8836836987444656,0.7747436829594803,1.6632349946844318,-89.04671926027092,39.42492119409256,-51.21451779561868
9.46,2.0,-1.48,1.4773052455801652,0.207784973130392,0.1393652407554189,-89.23974978700055,39.912193788917286,-51.62149845664168
9.46,2.0,-1.48,1.4773052455801652,0.207784973130392,0.1393652407554189,-89.23974978700055,39.912193788917286,-51.62149845664168
10.41,4.25,-3.45,-1.010699572007625,-0.9702592649932572,-1.871114483574685,-86.86507311557956,41.17041905633896,-52.56533817350319
10.41,4.25,-3.45,-1.010699572007625,-0.9702592649932572,-1.871114483574685,-86.86507311557956,41.17041905633896,-52.56533817350319
10.84,4.21,-3.27,-1.1750574566101404,-0.7302703627869283,-2.193706043505541,-85.65603262918377,42.49532318150223,-53.78269118475608
10.84,4.21,-3.27,-1.1750574566101404,-0.7302703627869283,-2.193706043505541,-85.65603262918377,42.49532318150223,-53.78269118475608
11.55,0.35,-3.34,2.3922019964556647,-1.8152918183992528,-1.840782559246964,-86.77043038357205,42.43385492531204,-54.14273717736637
11.55,0.35,-3.34,2.3922019964556647,-1.8152918183992528,-1.840782559246964,-86.77043038357205,42.43385492531204,-54.14273717736637
8.58,0.78,-2.17,1.1888069204063674,-0.1822031412071421,1.0039663114122828,-89.44922896161478,44.23410474921271,-53.93692610492359
8.58,0.78,-2.17,1.1888069204063674,-0.1822031412071421,1.0039663114122828,-89.44922896161478,44.23410474921271,-53.93692610492359
8.6,1.65,-2.11,0.3227945329329704,0.5639729698739615,0.8226454263836143,-90.1610712534398,45.58563248490306,-53.61572206207956
8.6,1.65,-2.11,0.3227945329329704,0.5639729698739615,0.8226454263836143,-90.1610712534398,45.58563248490306,-53.61572206207956
10.46,4.28,-3.84,-2.3443915005877454,0.8193499168372997,-1.8684557470907133,-90.37223725523552,46.54442190080458,-54.20709186156805
10.46,4.28,-3.84,-2.3443915005877454,0.8193499168372997,-1.8684557470907133,-90.37223725523552,46.54442190080458,-54.20709186156805
10.56,3.7,-4.62,-2.047894186657861,0.2228631557996188,-2.1224933646360373,-92.3072874649493,45.225406324165256,-54.55492780539657
10.56,3.7,-4.62,-2.047894186657861,0.2228631557996188,-2.1224933646360373,-92.3072874649493,45.225406324165256,-54.55492780539657
12.0,1.56,-3.5,0.7968469777847349,0.8864230496861536,-2.7338001143691173,-95.97520098011694,42.38468953590336,-55.265175443686026
12.0,1.56,-3.5,0.7968469777847349,0.8864230496861536,-2.7338001143691173,-95.97520098011694,42.38468953590336,-55.265175443686026
13.9,4.82,-6.47,-2.305598381523205,0.9099747082998912,-6.072879657183553,-97.91103310726488,41.182660023882,-54.348737347604505
13.9,4.82,-6.47,-2.305598381523205,0.9099747082998912,-6.072879657183553,-97.91103310726488,41.182660023882,-54.348737347604505
15.83,9.42,-8.61,-4.910850657000617,2.788639313969915,-9.727024426518376,-102.22862690361036,39.181563633405815,-50.70676349859697
15.83,9.42,-8.61,-4.910850657000617,2.788639313969915,-9.727024426518376,-102.22862690361036,39.181563633405815,-50.70676349859697
13.65,8.28,-5.05,-1.5917940513607745,4.97712006230979,-6.1017712787883465,-108.28962313901592,35.745018073663594,-46.56937120855181
13.65,8.28,-5.05,-1.5917940513607745,4.97712006230979,-6.1017712787883465,-108.28962313901592,35.745018073663594,-46.56937120855181
13.62,10.91,-7.1,-1.371635900482484,5.822496379917027,-8.058389906542628,-117.45321573278471,28.70655945606141,-40.6200807923672
13.62,10.91,-7.1,-1.371635900482484,5.822496379917027,-8.058389906542628,-117.45321573278471,28.70655945606141,-40.6200807923672
8.8,5.72,-2.65,3.2370816285039683,4.7578064224175485,0.6379270476361079,-131.76235907719015,19.284990927591146,-32.651734221557824
8.8,5.72,-2.65,3.2370816285039683,4.7578064224175485,0.6379270476361079,-131.76235907719015,19.284990927591146,-32.651734221557824
6.16,0.09,-3.72,3.807714281203112,-0.8731880220535924,3.762565732647005,-141.67799864882886,12.215665087929844,-27.312945744821853
6.16,0.09,-3.72,3.807714281203112,-0.8731880220535924,3.762565732647005,-141.67799864882886,12.215665087929844,-27.312945744821853
4.49,1.25,-4.9,2.2525408535083185,-0.4354180632338437,3.445119459832348,-150.43438697810743,4.2867240536107065,-21.83554192755703
4.49,1.25,-4.9,2.2525408535083185,-0.4354180632338437,3.445119459832348,-150.43438697810743,4.2867240536107065,-21.83554192755703
3.6,0.55,-3.79,2.241702060762212,-0.6744437962683919,5.100643472544949,-156.13951067883625,-0.9511208605830096,-17.984399539927896
3.6,0.55,-3.79,2.241702060762212,-0.6744437962683919,5.100643472544949,-156.13951067883625,-0.9511208605830096,-17.984399539927896
3.67,-2.68,-6.05,1.6295516380408408,-4.225803588306139,3.745219022745753,-160.06096636558732,-7.890132207309978,-14.557878496401068
3.67,-2.68,-6.05,1.6295516380408408,-4.225803588306139,3.745219022745753,-160.06096636558732,-7.890132207309978,-14.557878496401068
0.75,-1.46,-4.11,-0.4415374395135439,-2.0544274932878834,5.9117081051406295,-161.57402592832648,-11.616551985135152,-11.766299745968876
0.75,-1.46,-4.11,-0.4415374395135439,-2.0544274932878834,5.9117081051406295,-161.57402592832648,-11.616551985135152,-11.766299745968876
2.02,-1.13,-6.48,0.5986247887800819,-2.093898710034207,3.2794042903323217,-161.14943788464137,-16.049401279911372,-8.395611151395807
2.02,-1.13,-6.48,0.5986247887800819,-2.093898710034207,3.2794042903323217,-161.14943788464137,-16.049401279911372,-8.395611151395807
1.56,-3.01,-7.07,-0.2495713811175327,-3.4566186438821163,2.7732936407292934,-160.26052613773837,-18.704070115126303,-5.949975106955117
1.56,-3.01,-7.07,-0.2495713811175327,-3.4566186438821163,2.7732936407292934,-160.26052613773837,-18.704070115126303,-5.949975106955117
1.65,-2.42,-7.61,0.1480965422987312,-2.7701601218976446,2.1388419485939663,-159.53822461146382,-20.01766618340029,-4.321125783265932
1.65,-2.42,-7.61,0.1480965422987312,-2.7701601218976446,2.1388419485939663,-159.53822461146382,-20.01766618340029,-4.321125783265932
1.38,-0.99,-8.64,0.4399511876384733,-1.2629590250342737,1.103462224616781,-158.9028148870971,-20.83272200177108,-3.4153340784378665
1.38,-0.99,-8.64,0.4399511876384733,-1.2629590250342737,1.103462224616781,-158.9028148870971,-20.83272200177108,-3.4153340784378665
0.55,-1.17,-8.47,-0.3561128453042789,-1.0942739132461508,1.3161819184276844,-158.4690600176697,-21.31060447484913,-3.1860558160551733
0.55,-1.17,-8.47,-0.3561128453042789,-1.0942739132461508,1.3161819184276844,-158.4690600176697,-21.31060447484913,-3.1860558160551733
0.58,-0.77,-8.86,-0.1608187044252325,-0.7257921775598886,0.9254190572027172,-158.04377345766537,-21.7305176882842,-2.87655022805785
0.58,-0.77,-8.86,-0.1608187044252325,-0.7257921775598886,0.9254190572027172,-158.04377345766537,-21.7305176882842,-2.87655022805785
1.18,0.35,-9.61,0.790419847043508,0.1071123352624279,0.1510421261769199,-157.6264722380801,-22.174080183171977,-2.7963115557322795
1.18,0.35,-9.61,0.790419847043508,0.1071123352624279,0.1510421261769199,-157.6264722380801,-22.174080183171977,-2.7963115557322795
0.28,-1.06,-8.96,-0.5844133427660357,-0.7543604011134526,0.8304034887889244,-156.70033876277134,-23.038832805407413,-3.094348134689141
0.28,-1.06,-8.96,-0.5844133427660357,-0.7543604011134526,0.8304034887889244,-156.70033876277134,-23.038832805407413,-3.094348134689141
0.43,-1.2,-9.07,-0.609734101284655,-0.9379307522080554,0.7160883985480293,-156.13951067883625,-23.5419325351228,-3.6675560000932936
0.43,-1.2,-9.07,-0.609734101284655,-0.9379307522080554,0.7160883985480293,-156.13951067883625,-23.5419325351228,-3.6675560000932936
1.21,0.33,-9.98,0.5334240058853479,0.088481745692984,-0.2373048889182261,-155.3754969883622,-24.24470448957822,-4.2867240536107065
1.21,0.33,-9.98,0.5334240058853479,0.088481745692984,-0.2373048889182261,-155.3754969883622,-24.24470448957822,-4.2867240536107065
0.71,-0.54,-9.31,-0.282335852332526,-0.4525528474786753,0.4692369542615502,-154.73873772257048,-24.79585513058625,-4.642227799866185
0.71,-0.54,-9.31,-0.282335852332526,-0.4525528474786753,0.4692369542615502,-154.73873772257048,-24.79585513058625,-4.642227799866185
0.61,-2.13,-9.06,-1.161074488031229,-1.7085991914978165,0.7113108179762762,-153.76161968319718,-25.523799625853453,-5.536926565771378
0.61,-2.13,-9.06,-1.161074488031229,-1.7085991914978165,0.7113108179762762,-153.76161968319718,-25.523799625853453,-5.536926565771378
2.47,-0.6,-10.73,0.8874348651790275,-1.0613098054988088,-1.1331800195577468,-153.4604028099656,-25.74708778893412,-6.190955481383822
2.47,-0.6,-10.73,0.8874348651790275,-1.0613098054988088,-1.1331800195577468,-153.4604028099656,-25.74708778893412,-6.190955481383822
1.53,-0.33,-9.92,0.2144290769095582,-0.4548603670961903,-0.2234707478983448,-153.36074062083046,-25.758842544663853,-6.351624225020216
1.53,-0.33,-9.92,0.2144290769095582,-0.4548603670961903,-0.2234707478983448,-153.36074062083046,-25.758842544663853,-6.351624225020216
1.39,-0.54,-9.72,-0.0448655540837539,-0.5822807107354395,-0.0097157356458676,-153.36074062083046,-25.688318141008548,-6.730393436549607
1.39,-0.54,-9.72,-0.0448655540837539,-0.5822807107354395,-0.0097157356458676,-153.36074062083046,-25.688318141008548,-6.730393436549607
1.38,-0.54,-9.4,-0.1024181587777711,-0.5771560647482478,0.3086290799516043,-153.41052586239525,-25.488552629562964,-7.258498535026432
1.38,-0.54,-9.4,-0.1024181587777711,-0.5771560647482478,0.3086290799516043,-153.41052586239525,-25.488552629562964,-7.258498535026432
1.91,-0.48,-10.0,0.2061417539568128,-0.7767882780568012,-0.3536947553884282,-153.3110465719337,-25.45330808515709,-7.855673444559319
1.91,-0.48,-10.0,0.2061417539568128,-0.7767882780568012,-0.3536947553884282,-153.3110465719337,-25.45330808515709,-7.855673444559319
1.38,0.4,-9.62,0.0447671145472734,0.1004411795983776,0.0805661285286039,-153.56043390061225,-25.05404008221464,-8.349651905481078
1.38,0.4,-9.62,0.0447671145472734,0.1004411795983776,0.0805661285286039,-153.56043390061225,-25.05404008221464,-8.349651905481078
1.57,-0.36,-9.7,-0.1447280713230339,-0.6776302972847124,-0.0017326885767943,-153.91350924378722,-24.596436196111345,-8.522006076442151
1.57,-0.36,-9.7,-0.1447280713230339,-0.6776302972847124,-0.0017326885767943,-153.91350924378722,-24.596436196111345,-8.522006076442151
1.51,0.93,-9.56,0.2747861568768783,0.4035028339165593,0.0958169754335642,-153.91350924378722,-24.45571546342066,-8.843785851491393
1.51,0.93,-9.56,0.2747861568768783,0.4035028339165593,0.0958169754335642,-153.91350924378722,-24.45571546342066,-8.843785851491393
1.79,0.67,-10.04,0.3052932957023562,0.0390216358918631,-0.4090180308010965,-153.91350924378722,-24.38536915234885,-9.039186076064473
1.79,0.67,-10.04,0.3052932957023562,0.0390216358918631,-0.4090180308010965,-153.91350924378722,-24.38536915234885,-9.039186076064473
1.18,0.16,-9.38,-0.3687028736800165,-0.1747629573758301,0.3601736146132577,-154.0662728728033,-24.18610517042096,-9.17713147157167
1.18,0.16,-9.38,-0.3687028736800165,-0.1747629573758301,0.3601736146132577,-154.0662728728033,-24.18610517042096,-9.17713147157167
1.23,1.05,-9.05,0.0181726095847194,0.5533282498371019,0.6299731720740471,-153.91350924378722,-24.18610517042096,-9.5450515760222
1.23,1.05,-9.05,0.0181726095847194,0.5533282498371019,0.6299731720740471,-153.91350924378722,-24.18610517042096,-9.5450515760222
2.02,0.59,-10.03,0.2768304891358655,-0.1477150148223126,-0.4369306803422433,-153.71118144535646,-24.18610517042096,-10.13162973120474
2.02,0.59,-10.03,0.2768304891358655,-0.1477150148223126,-0.4369306803422433,-153.71118144535646,-24.18610517042096,-10.13162973120474
1.8,-0.21,-9.64,-0.2083587880020381,-0.7953655218051666,0.0323121553076077,-153.5103719816942,-24.2915885788112,-10.304202691653051
1.8,-0.21,-9.64,-0.2083587880020381,-0.7953655218051666,0.0323121553076077,-153.5103719816942,-24.2915885788112,-10.304202691653051
1.62,0.63,-9.26,0.0008531608786657,0.0061392890191331,0.3849271436829636,-153.4604028099656,-24.22126399043484,-10.499813733449365
1.62,0.63,-9.26,0.0008531608786657,0.0061392890191331,0.3849271436829636,-153.4604028099656,-24.22126399043484,-10.499813733449365
2.36,0.22,-9.99,0.3329385516978334,-0.6489073281419337,-0.4347449831200762,-153.5103719816942,-24.11579445991055,-10.68394626499923
2.36,0.22,-9.99,0.3329385516978334,-0.6489073281419337,-0.4347449831200762,-153.5103719816942,-24.11579445991055,-10.68394626499923
1.95,0.54,-9.84,0.0986632599971396,-0.2279691434552465,-0.2361581546328022,-153.4604028099656,-24.080642561887807,-10.776022876638455
1.95,0.54,-9.84,0.0986632599971396,-0.2279691434552465,-0.2361581546328022,-153.4604028099656,-24.080642561887807,-10.776022876638455
1.91,1.09,-9.62,0.2739955032272177,0.2751482917933901,-0.0538682359617599,-153.41052586239525,-23.998630403703213,-11.052294827398208
1.91,1.09,-9.62,0.2739955032272177,0.2751482917933901,-0.0538682359617599,-153.41052586239525,-23.998630403703213,-11.052294827398208
2.18,0.44,-9.63,0.2255215913346863,-0.4043741955124636,-0.0659647256866851,-153.36074062083046,-23.98691540045918,-11.236511835589646
2.18,0.44,-9.63,0.2255215913346863,-0.4043741955124636,-0.0659647256866851,-153.36074062083046,-23.98691540045918,-11.236511835589646
2.02,0.33,-9.71,0.0042272354435018,-0.4381396982421393,-0.1070483883566328,-153.3110465719337,-24.04549296367276,-11.34014667578332
2.02,0.33,-9.71,0.0042272354435018,-0.4381396982421393,-0.1070483883566328,-153.3110465719337,-24.04549296367276,-11.34014667578332
1.75,0.55,-9.46,-0.122154342597561,-0.1260225570666676,0.1720354964666626,-153.21193002249612,-24.02206117401117,-11.478340954533572
1.75,0.55,-9.46,-0.122154342597561,-0.1260225570666676,0.1720354964666626,-153.21193002249612,-24.02206117401117,-11.478340954533572
2.36,0.8,-9.84,0.3954786694094078,-0.148819176494175,-0.3351767326330233,-153.11317220133924,-24.01034566150753,-11.754779974813852
2.36,0.8,-9.84,0.3954786694094078,-0.148819176494175,-0.3351767326330233,-153.11317220133924,-24.01034566150753,-11.754779974813852
2.19,0.52,-9.8,0.1169753568552085,-0.3337090320715919,-0.2423029329081085,-152.91671705681662,-24.150948661500923,-11.881504040605064
2.19,0.52,-9.8,0.1169753568552085,-0.3337090320715919,-0.2423029329081085,-152.91671705681662,-24.150948661500923,-11.881504040605064
1.77,0.79,-9.4,-0.0897850613756831,0.0655182922966196,0.2095334540718259,-152.7702885732456,-24.232984111333423,-12.00824269100582
1.77,0.79,-9.4,-0.0897850613756831,0.0655182922966196,0.2095334540718259,-152.7702885732456,-24.232984111333423,-12.00824269100582
2.35,0.59,-9.66,0.2327853603457196,-0.3171974173081559,-0.1448019932752426,-152.52794284369597,-24.31503217113493,-12.377021364647929
2.35,0.59,-9.66,0.2327853603457196,-0.3171974173081559,-0.1448019932752426,-152.52794284369597,-24.31503217113493,-12.377021364647929
2.09,0.75,-9.51,0.0687621647194526,-0.0699518332188707,0.04135028592402,-152.3835367338065,-24.44399042905254,-12.549930441445206
2.09,0.75,-9.51,0.0687621647194526,-0.0699518332188707,0.04135028592402,-152.3835367338065,-24.44399042905254,-12.549930441445206
2.5,0.3,-9.83,0.1063500187974695,-0.6235168138324256,-0.3209763979458717,-151.95469309277132,-24.66681067830264,-12.965030073382623
2.5,0.3,-9.83,0.1063500187974695,-0.6235168138324256,-0.3209763979458717,-151.95469309277132,-24.66681067830264,-12.965030073382623
2.79,0.79,-9.77,0.5517378379608876,-0.2934252436493699,-0.3653993011266667,-151.95469309277132,-24.608164621444825,-13.114968872872083
2.79,0.79,-9.77,0.5517378379608876,-0.2934252436493699,-0.3653993011266667,-151.95469309277132,-24.608164621444825,-13.114968872872083
2.32,0.5,-9.44,0.1007730917680961,-0.3502767058930254,0.0797208333367489,-151.95469309277132,-24.631622257728548,-13.091899903813276
2.32,0.5,-9.44,0.1007730917680961,-0.3502767058930254,0.0797208333367489,-151.95469309277132,-24.631622257728548,-13.091899903813276
2.02,0.74,-9.3,-0.0473325819755358,-0.00694440762707,0.2611949871739316,-151.95469309277132,-24.54952511022461,-13.172643633299913
2.02,0.74,-9.3,-0.0473325819755358,-0.00694440762707,0.2611949871739316,-151.95469309277132,-24.54952511022461,-13.172643633299913
2.36,0.75,-9.58,0.1421627865284922,-0.1151117777952196,-0.0865314408075672,-151.95469309277132,-24.44399042905254,-13.4841456448157
2.36,0.75,-9.58,0.1421627865284922,-0.1151117777952196,-0.0865314408075672,-151.95469309277132,-24.44399042905254,-13.4841456448157
2.3,0.33,-9.5,-0.099678027971277,-0.4549895361900813,0.0377222792776645,-151.7661453802759,-24.479166312304468,-13.714952301602876
2.3,0.33,-9.5,-0.099678027971277,-0.4549895361900813,0.0377222792776645,-151.7661453802759,-24.479166312304468,-13.714952301602876
2.26,0.67,-9.48,-0.0351725360011247,-0.1358253840671102,0.0389883372603296,-151.67233263341282,-24.467440757791284,-13.957359493385503
2.26,0.67,-9.48,-0.0351725360011247,-0.1358253840671102,0.0389883372603296,-151.67233263341282,-24.467440757791284,-13.957359493385503
2.45,0.55,-9.7,0.0107580581448077,-0.3133671170335583,-0.208173279227001,-151.67233263341282,-24.38536915234885,-14.072813487232237
2.45,0.55,-9.7,0.0107580581448077,-0.3133671170335583,-0.208173279227001,-151.67233263341282,-24.38536915234885,-14.072813487232237
2.37,0.69,-9.52,0.0265960015838442,-0.1761025298002312,-0.0265427954097265,-151.67233263341282,-24.32675435471253,-14.130545861300051
2.37,0.69,-9.52,0.0265960015838442,-0.1761025298002312,-0.0265427954097265,-151.67233263341282,-24.32675435471253,-14.130545861300051
