,TIME,ELAPSED_SECONDS,PSTATE,acc_x,acc_y,acc_z,mag_x,mag_y,mag_z,gyr_x,gyr_y,gyr_z,lin_x,lin_y,lin_z,eul_x,eul_y,eul_z,qua_w,qua_x,qua_y,qua_z
0,1593806.0,790.489381,1.0,7.24,3.78,5.52,10.38,-13.38,-44.0,-4.13,1.75,2.0,-0.7292739605155274,-0.33314082196325434,-0.01850021174005612,-45.98367660557063,25.535549170145078,-66.19973175300399,-0.7074,-0.3906,0.221,-0.5461
1,1593806.0,790.489381,1.0,7.24,3.78,5.52,10.38,-13.38,-44.0,-4.13,1.75,2.0,-0.7292739605155274,-0.33314082196325434,-0.01850021174005612,-45.98367660557063,25.535549170145078,-66.19973175300399,-0.7074,-0.3906,0.221,-0.5461
2,1593841.0,790.524722,1.0,7.19,3.66,5.75,10.38,-13.0,-44.75,-0.88,1.69,1.12,-0.5726531609889087,-0.1081378752328861,-0.08347510321024743,-46.09573205363145,25.40631916668005,-66.1040049398115,-0.7078,-0.3915,0.2199,-0.5454
3,1593841.0,790.524722,1.0,7.19,3.66,5.75,10.38,-13.0,-44.75,-0.88,1.69,1.12,-0.5726531609889087,-0.1081378752328861,-0.08347510321024743,-46.09573205363145,25.40631916668005,-66.1040049398115,-0.7078,-0.3915,0.2199,-0.5454
4,1593878.0,790.595171,1.0,7.26,3.57,5.67,11.19,-13.0,-44.75,3.63,2.69,2.94,-0.4427685936242556,-0.1967983811903704,-0.06080288155260584,-46.2701332926198,25.230149327633608,-66.11767701122476,-0.7073,-0.3929,0.2184,-0.5455
5,1593878.0,790.595171,1.0,7.26,3.57,5.67,11.19,-13.0,-44.75,3.63,2.69,2.94,-0.4427685936242556,-0.1967983811903704,-0.06080288155260584,-46.2701332926198,25.230149327633608,-66.11767701122476,-0.7073,-0.3929,0.2184,-0.5455
6,1593911.0,790.6117009999999,1.0,7.38,3.32,5.56,11.19,-13.0,-44.75,6.06,1.31,2.0,-0.16175772514241804,-0.3167041936530275,-0.0052780924841329116,-46.45711770819951,25.112736460930662,-66.18605330414924,-0.7064,-0.3944,0.2174,-0.546
7,1593911.0,790.6117009999999,1.0,7.38,3.32,5.56,11.19,-13.0,-44.75,6.06,1.31,2.0,-0.16175772514241804,-0.3167041936530275,-0.0052780924841329116,-46.45711770819951,25.112736460930662,-66.18605330414924,-0.7064,-0.3944,0.2174,-0.546
8,1593948.0,790.746923,1.0,7.39,3.08,5.48,10.75,-13.69,-46.0,7.69,1.06,3.25,0.07431738249992459,-0.3495137150852925,0.11122751876559,-46.656712208804855,24.97187636961762,-66.35026504226904,-0.705,-0.396,0.2162,-0.5472
9,1593948.0,790.746923,1.0,7.39,3.08,5.48,10.75,-13.69,-46.0,7.69,1.06,3.25,0.07431738249992459,-0.3495137150852925,0.11122751876559,-46.656712208804855,24.97187636961762,-66.35026504226904,-0.705,-0.396,0.2162,-0.5472
10,1593982.0,790.8119389999999,1.0,7.5,3.01,5.55,10.75,-14.06,-44.38,7.81,0.5,3.06,0.19024101414403893,-0.34003380412801154,0.010692396550110672,-46.80650649596007,24.88972570037191,-66.50092772303125,-0.7037,-0.3972,0.2155,-0.5483
11,1593982.0,790.8119389999999,1.0,7.5,3.01,5.55,10.75,-14.06,-44.38,7.81,0.5,3.06,0.19024101414403893,-0.34003380412801154,0.010692396550110672,-46.80650649596007,24.88972570037191,-66.50092772303125,-0.7037,-0.3972,0.2155,-0.5483
12,1594017.0,790.8275179999999,1.0,7.47,2.9,5.54,10.75,-14.06,-44.38,5.63,-1.06,0.37,0.2887333711498328,-0.28454313706491563,0.07329660851493891,-47.04385436374432,24.901460713527147,-66.59687161580996,-0.7020000000000001,-0.3991,0.2156,-0.5489999999999999
13,1594017.0,790.8275179999999,1.0,7.47,2.9,5.54,10.75,-14.06,-44.38,5.63,-1.06,0.37,0.2887333711498328,-0.28454313706491563,0.07329660851493891,-47.04385436374432,24.901460713527147,-66.59687161580996,-0.7020000000000001,-0.3991,0.2156,-0.5489999999999999
14,1594052.0,790.873721,1.0,7.38,2.82,5.49,10.38,-14.5,-44.75,4.56,-3.06,-1.19,0.3320070243493771,-0.2370236202374476,0.19465274972822225,-47.1938685290374,24.948403420997227,-66.61058219226842,-0.701,-0.4003,0.21600000000000003,-0.5491
15,1594052.0,790.873721,1.0,7.38,2.82,5.49,10.38,-14.5,-44.75,4.56,-3.06,-1.19,0.3320070243493771,-0.2370236202374476,0.19465274972822225,-47.1938685290374,24.948403420997227,-66.61058219226842,-0.701,-0.4003,0.21600000000000003,-0.5491
16,1594087.0,790.880883,1.0,7.26,2.63,5.62,9.69,-14.88,-43.56,2.13,-1.94,-1.5,0.4919198646540206,-0.021555877527873468,0.2690166357474819,-47.318945885318016,25.03056340197877,-66.59687161580996,-0.7004,-0.4013,0.2167,-0.5489999999999999
17,1594087.0,790.880883,1.0,7.26,2.63,5.62,9.69,-14.88,-43.56,2.13,-1.94,-1.5,0.4919198646540206,-0.021555877527873468,0.2690166357474819,-47.318945885318016,25.03056340197877,-66.59687161580996,-0.7004,-0.4013,0.2167,-0.5489999999999999
18,1594122.0,790.883693,1.0,7.32,2.82,5.52,9.69,-14.88,-43.56,-0.56,-0.5,0.44,0.3016219927652055,-0.14429107786403028,0.22054525102457312,-47.29392563415834,25.124476539770274,-66.62429384659232,-0.7001,-0.4011,0.2175,-0.5492
19,1594122.0,790.883693,1.0,7.32,2.82,5.52,9.69,-14.88,-43.56,-0.56,-0.5,0.44,0.3016219927652055,-0.14429107786403028,0.22054525102457312,-47.29392563415834,25.124476539770274,-66.62429384659232,-0.7001,-0.4011,0.2175,-0.5492
20,1594157.0,790.9220849999999,1.0,7.29,2.95,5.49,10.0,-15.19,-44.38,-2.88,-2.06,-0.81,0.1495270852637942,-0.15086635037715168,0.2180327381057534,-47.25639974151138,25.265378432632104,-66.58316211676657,-0.7002,-0.4008,0.2187,-0.5489
21,1594157.0,790.9220849999999,1.0,7.29,2.95,5.49,10.0,-15.19,-44.38,-2.88,-2.06,-0.81,0.1495270852637942,-0.15086635037715168,0.2180327381057534,-47.25639974151138,25.265378432632104,-66.58316211676657,-0.7002,-0.4008,0.2187,-0.5489
22,1594191.0,790.9382870000001,1.0,7.12,3.04,5.82,9.25,-15.19,-45.19,-3.44,-0.37,-0.37,0.046618458241457265,0.2077007551386525,0.12351584231809375,-47.1938685290374,25.34758912480893,-66.52833488574433,-0.7005,-0.4003,0.2194,-0.5485
23,1594191.0,790.9382870000001,1.0,7.12,3.04,5.82,9.25,-15.19,-45.19,-3.44,-0.37,-0.37,0.046618458241457265,0.2077007551386525,0.12351584231809375,-47.1938685290374,25.34758912480893,-66.52833488574433,-0.7005,-0.4003,0.2194,-0.5485
24,1594228.0,790.9423820000001,1.0,7.32,3.16,5.54,9.69,-14.88,-44.0,-3.31,2.25,0.81,-0.05475244724780315,-0.16288963183810054,0.09943262644953244,-47.05635227559625,25.35933459116607,-66.5420400796265,-0.701,-0.3992,0.2195,-0.5486
25,1594228.0,790.9423820000001,1.0,7.32,3.16,5.54,9.69,-14.88,-44.0,-3.31,2.25,0.81,-0.05475244724780315,-0.16288963183810054,0.09943262644953244,-47.05635227559625,25.35933459116607,-66.5420400796265,-0.701,-0.3992,0.2195,-0.5486
26,1594261.0,791.0028070000001,1.0,7.36,3.26,5.51,9.69,-14.88,-44.0,-3.44,0.63,0.06,-0.14957547925100667,-0.2232020967695303,0.055490684308116656,-46.9938686467816,25.40631916668005,-66.52833488574433,-0.7013,-0.3987,0.2199,-0.5485
27,1594261.0,791.0028070000001,1.0,7.36,3.26,5.51,9.69,-14.88,-44.0,-3.44,0.63,0.06,-0.14957547925100667,-0.2232020967695303,0.055490684308116656,-46.9938686467816,25.40631916668005,-66.52833488574433,-0.7013,-0.3987,0.2199,-0.5485
28,1594298.0,791.062704,1.0,7.24,3.28,5.66,9.69,-14.5,-45.56,-2.69,1.06,0.19,-0.192675059464803,-0.04028823487755462,0.050992503983103184,-46.918907837056295,25.45330808515709,-66.48722575330268,-0.7018,-0.3981,0.2203,-0.5482
29,1594298.0,791.062704,1.0,7.24,3.28,5.66,9.69,-14.5,-45.56,-2.69,1.06,0.19,-0.192675059464803,-0.04028823487755462,0.050992503983103184,-46.918907837056295,25.45330808515709,-66.48722575330268,-0.7018,-0.3981,0.2203,-0.5482
30,1594333.0,791.066321,1.0,7.56,3.42,5.48,10.38,-14.06,-44.38,-2.13,4.25,1.88,-0.25459750617235377,-0.3975106842094736,-0.12600147711275336,-46.85645674888645,25.429813082479118,-66.51463076702889,-0.7020000000000001,-0.3976,0.2201,-0.5484
31,1594333.0,791.066321,1.0,7.56,3.42,5.48,10.38,-14.06,-44.38,-2.13,4.25,1.88,-0.25459750617235377,-0.3975106842094736,-0.12600147711275336,-46.85645674888645,25.429813082479118,-66.51463076702889,-0.7020000000000001,-0.3976,0.2201,-0.5484
32,1594365.0,791.1051110000001,1.0,7.57,3.53,5.39,10.38,-14.06,-44.38,-0.56,-0.06,-1.19,-0.3740837342982701,-0.4959846441854303,-0.11463825266485905,-46.781534903600594,25.418065988790868,-66.55574634912462,-0.7021,-0.397,0.22,-0.5487
33,1594365.0,791.1051110000001,1.0,7.57,3.53,5.39,10.38,-14.06,-44.38,-0.56,-0.06,-1.19,-0.3740837342982701,-0.4959846441854303,-0.11463825266485905,-46.781534903600594,25.418065988790868,-66.55574634912462,-0.7021,-0.397,0.22,-0.5487
34,1594400.0,791.121617,1.0,7.13,3.12,5.6,10.38,-13.69,-44.75,1.37,-2.56,-2.69,-0.075241950943014,-0.017882787528519458,0.2188807675492868,-46.8939256305629,25.418065988790868,-66.43242860811324,-0.7023,-0.3979,0.22,-0.5478
35,1594400.0,791.121617,1.0,7.13,3.12,5.6,10.38,-13.69,-44.75,1.37,-2.56,-2.69,-0.075241950943014,-0.017882787528519458,0.2188807675492868,-46.8939256305629,25.418065988790868,-66.43242860811324,-0.7023,-0.3979,0.22,-0.5478
36,1594437.0,791.171749,1.0,7.35,3.17,5.67,10.0,-14.06,-45.19,1.44,2.69,3.0,-0.046839454292502365,-0.09545590767100907,-0.001968365254725768,-46.918907837056295,25.382826336621637,-66.50092772303125,-0.7018,-0.3981,0.2197,-0.5483
37,1594437.0,791.171749,1.0,7.35,3.17,5.67,10.0,-14.06,-45.19,1.44,2.69,3.0,-0.046839454292502365,-0.09545590767100907,-0.001968365254725768,-46.918907837056295,25.382826336621637,-66.50092772303125,-0.7018,-0.3981,0.2197,-0.5483
38,1594472.0,791.1800549999999,1.0,7.47,3.44,5.54,10.0,-14.06,-45.19,1.44,-0.37,0.88,-0.28374471256560896,-0.2955575372131349,-0.1008337713865366,-46.918907837056295,25.34758912480893,-66.56945369468808,-0.7015,-0.3981,0.2194,-0.5488
39,1594472.0,791.1800549999999,1.0,7.47,3.44,5.54,10.0,-14.06,-45.19,1.44,-0.37,0.88,-0.28374471256560896,-0.2955575372131349,-0.1008337713865366,-46.918907837056295,25.34758912480893,-66.56945369468808,-0.7015,-0.3981,0.2194,-0.5488
40,1594507.0,791.183321,1.0,7.31,3.03,5.61,11.5,-13.69,-44.38,3.88,-2.56,-2.0,0.0846041479405617,-0.08996731719792672,0.10748261202346933,-47.093849573149654,25.32409900412527,-66.50092772303125,-0.7012,-0.3995,0.2192,-0.5483
41,1594507.0,791.183321,1.0,7.31,3.03,5.61,11.5,-13.69,-44.38,3.88,-2.56,-2.0,0.0846041479405617,-0.08996731719792672,0.10748261202346933,-47.093849573149654,25.32409900412527,-66.50092772303125,-0.7012,-0.3995,0.2192,-0.5483
42,1594542.0,791.231542,1.0,7.44,2.93,5.49,10.38,-14.5,-44.38,2.88,0.06,0.69,0.2139037421367833,-0.2470380348676391,0.1127438008237025,-47.1938685290374,25.265378432632104,-66.52833488574433,-0.7007,-0.4003,0.2187,-0.5485
43,1594542.0,791.231542,1.0,7.44,2.93,5.49,10.38,-14.5,-44.38,2.88,0.06,0.69,0.2139037421367833,-0.2470380348676391,0.1127438008237025,-47.1938685290374,25.265378432632104,-66.52833488574433,-0.7007,-0.4003,0.2187,-0.5485
44,1594578.0,791.3572389999999,1.0,7.34,2.95,5.57,10.38,-14.06,-44.38,1.5,-2.81,-1.06,0.1801715933068122,-0.11326354586525088,0.13412656678241494,-47.26890777482772,25.28886585104528,-66.50092772303125,-0.7006,-0.4009,0.2189,-0.5483
45,1594578.0,791.3572389999999,1.0,7.34,2.95,5.57,10.38,-14.06,-44.38,1.5,-2.81,-1.06,0.1801715933068122,-0.11326354586525088,0.13412656678241494,-47.26890777482772,25.28886585104528,-66.50092772303125,-0.7006,-0.4009,0.2189,-0.5483
46,1594613.0,791.371753,1.0,7.15,2.84,5.7,10.38,-14.06,-44.38,-0.19,0.06,1.88,0.23135383638230955,0.11563178665203265,0.23527576782691995,-47.24389230544818,25.34758912480893,-66.5420400796265,-0.7003,-0.4007,0.2194,-0.5486
47,1594613.0,791.371753,1.0,7.15,2.84,5.7,10.38,-14.06,-44.38,-0.19,0.06,1.88,0.23135383638230955,0.11563178665203265,0.23527576782691995,-47.24389230544818,25.34758912480893,-66.5420400796265,-0.7003,-0.4007,0.2194,-0.5486
48,1594650.0,791.415842,1.0,7.35,3.15,5.56,9.69,-14.88,-45.19,-1.19,1.94,1.69,-0.03450999864003035,-0.1469839937388968,0.06828233567460272,-47.15635695640368,25.371080328389592,-66.61058219226842,-0.7001,-0.4,0.2196,-0.5491
49,1594650.0,791.415842,1.0,7.35,3.15,5.56,9.69,-14.88,-45.19,-1.19,1.94,1.69,-0.03450999864003035,-0.1469839937388968,0.06828233567460272,-47.15635695640368,25.371080328389592,-66.61058219226842,-0.7001,-0.4,0.2196,-0.5491
50,1594683.0,791.478984,1.0,7.39,3.14,5.64,10.0,-14.06,-44.38,-1.88,1.69,0.31,-0.008579281067819355,-0.11513999485127148,-0.0049741865209060885,-47.093849573149654,25.371080328389592,-66.63800657923225,-0.7003,-0.3995,0.2196,-0.5493
51,1594683.0,791.478984,1.0,7.39,3.14,5.64,10.0,-14.06,-44.38,-1.88,1.69,0.31,-0.008579281067819355,-0.11513999485127148,-0.0049741865209060885,-47.093849573149654,25.371080328389592,-66.63800657923225,-0.7003,-0.3995,0.2196,-0.5493
52,1594718.0,791.5376669999999,1.0,7.5,3.08,5.42,10.0,-14.06,-44.38,-1.5,-0.06,0.06,0.048456293153720464,-0.3504859607176263,0.060491188499250725,-47.0813498800656,25.40631916668005,-66.62429384659232,-0.7004,-0.3994,0.2199,-0.5492
53,1594718.0,791.5376669999999,1.0,7.5,3.08,5.42,10.0,-14.06,-44.38,-1.5,-0.06,0.06,0.048456293153720464,-0.3504859607176263,0.060491188499250725,-47.0813498800656,25.40631916668005,-66.62429384659232,-0.7004,-0.3994,0.2199,-0.5492
54,1594753.0,791.5951769999999,1.0,7.44,3.09,5.45,10.75,-14.88,-45.56,-2.38,0.37,1.44,0.01372503826836846,-0.2892834640556321,0.08449351592978792,-47.04385436374432,25.47680417585264,-66.62429384659232,-0.7004,-0.3991,0.2205,-0.5492
55,1594753.0,791.5951769999999,1.0,7.44,3.09,5.45,10.75,-14.88,-45.56,-2.38,0.37,1.44,0.01372503826836846,-0.2892834640556321,0.08449351592978792,-47.04385436374432,25.47680417585264,-66.62429384659232,-0.7004,-0.3991,0.2205,-0.5492
56,1594789.0,791.612737,1.0,7.46,3.36,5.5,10.38,-15.19,-45.19,-2.06,-0.12,0.63,-0.2411332208462789,-0.2767484591258058,-0.04507396386418172,-47.01886031964005,25.559049077875773,-66.62429384659232,-0.7003,-0.3989,0.2212,-0.5492
57,1594789.0,791.612737,1.0,7.46,3.36,5.5,10.38,-15.19,-45.19,-2.06,-0.12,0.63,-0.2411332208462789,-0.2767484591258058,-0.04507396386418172,-47.01886031964005,25.559049077875773,-66.62429384659232,-0.7003,-0.3989,0.2212,-0.5492
58,1594822.0,791.6162410000001,1.0,7.26,3.28,5.65,10.38,-15.19,-45.19,-0.12,-1.81,-0.19,-0.20207363157358427,-0.019218979035213968,0.04205595425147557,-47.0813498800656,25.59430098947942,-66.56945369468808,-0.7002,-0.3994,0.2215,-0.5488
59,1594822.0,791.6162410000001,1.0,7.26,3.28,5.65,10.38,-15.19,-45.19,-0.12,-1.81,-0.19,-0.20207363157358427,-0.019218979035213968,0.04205595425147557,-47.0813498800656,25.59430098947942,-66.56945369468808,-0.7002,-0.3994,0.2215,-0.5488
60,1594857.0,791.656892,1.0,7.18,3.23,5.58,11.5,-14.06,-44.75,0.88,0.56,1.25,-0.1851329862168598,-0.020871867007661304,0.15849006441735902,-47.106349860444496,25.58255007875368,-66.56945369468808,-0.7,-0.3996,0.2214,-0.5488
61,1594857.0,791.656892,1.0,7.18,3.23,5.58,11.5,-14.06,-44.75,0.88,0.56,1.25,-0.1851329862168598,-0.020871867007661304,0.15849006441735902,-47.106349860444496,25.58255007875368,-66.56945369468808,-0.7,-0.3996,0.2214,-0.5488
62,1594892.0,791.667642,1.0,7.36,3.28,5.62,9.69,-14.06,-44.38,1.0,2.19,1.56,-0.17520357598089875,-0.10415910762447922,-0.015307777717351813,-47.093849573149654,25.547298987438325,-66.63800657923225,-0.6998,-0.3995,0.2211,-0.5493
63,1594892.0,791.667642,1.0,7.36,3.28,5.62,9.69,-14.06,-44.38,1.0,2.19,1.56,-0.17520357598089875,-0.10415910762447922,-0.015307777717351813,-47.093849573149654,25.547298987438325,-66.63800657923225,-0.6998,-0.3995,0.2211,-0.5493
64,1594929.0,791.675328,1.0,7.35,3.28,5.65,10.38,-13.69,-44.0,1.88,-0.37,-0.5,-0.16375200441048232,-0.0713925759587859,-0.025516006590283524,-47.15635695640368,25.488552629562964,-66.65172039063913,-0.6996,-0.4,0.2206,-0.5494
65,1594929.0,791.675328,1.0,7.35,3.28,5.65,10.38,-13.69,-44.0,1.88,-0.37,-0.5,-0.16375200441048232,-0.0713925759587859,-0.025516006590283524,-47.15635695640368,25.488552629562964,-66.65172039063913,-0.6996,-0.4,0.2206,-0.5494
66,1594961.0,791.70959,1.0,7.32,2.93,5.62,10.38,-13.69,-44.0,2.63,1.81,0.25,0.16276240909248307,-0.05037031286949056,0.12560298897026098,-47.20637357843252,25.429813082479118,-66.67915125155818,-0.6994,-0.4004,0.2201,-0.5496
67,1594961.0,791.70959,1.0,7.32,2.93,5.62,10.38,-13.69,-44.0,2.63,1.81,0.25,0.16276240909248307,-0.05037031286949056,0.12560298897026098,-47.20637357843252,25.429813082479118,-66.67915125155818,-0.6994,-0.4004,0.2201,-0.5496
68,1594998.0,791.729591,1.0,7.67,3.0,5.24,10.0,-14.06,-44.0,1.12,1.12,1.44,0.15081341329380793,-0.5780393725792263,0.06346644439976322,-47.1938685290374,25.34758912480893,-66.78891793624743,-0.6991,-0.4003,0.2194,-0.5504
69,1594998.0,791.729591,1.0,7.67,3.0,5.24,10.0,-14.06,-44.0,1.12,1.12,1.44,0.15081341329380793,-0.5780393725792263,0.06346644439976322,-47.1938685290374,25.34758912480893,-66.78891793624743,-0.6991,-0.4003,0.2194,-0.5504
70,1595035.0,791.732249,1.0,7.35,3.05,5.7,9.69,-14.88,-44.38,-0.19,-1.88,-0.25,0.06822181620481538,-0.015948722718498676,0.01838705798432194,-47.21887922414317,25.382826336621637,-66.77519331232165,-0.6990000000000001,-0.4005,0.2197,-0.5503
71,1595035.0,791.732249,1.0,7.35,3.05,5.7,9.69,-14.88,-44.38,-0.19,-1.88,-0.25,0.06822181620481538,-0.015948722718498676,0.01838705798432194,-47.21887922414317,25.382826336621637,-66.77519331232165,-0.6990000000000001,-0.4005,0.2197,-0.5503
72,1595068.0,791.8912650000001,1.0,7.38,3.0,5.58,9.69,-14.88,-44.38,-0.25,0.06,0.5,0.10845253792437436,-0.12261695695681565,0.0817333870472492,-47.2313854664036,25.394572616004382,-66.76146977168455,-0.6989,-0.4006,0.2198,-0.5502
73,1595068.0,791.8912650000001,1.0,7.38,3.0,5.58,9.69,-14.88,-44.38,-0.25,0.06,0.5,0.10845253792437436,-0.12261695695681565,0.0817333870472492,-47.2313854664036,25.394572616004382,-66.76146977168455,-0.6989,-0.4006,0.2198,-0.5502
74,1595103.0,792.008361,1.0,7.32,3.0,5.54,10.75,-14.06,-44.38,-0.63,-0.75,0.81,0.07998533711291267,-0.11557576419949678,0.14982626812125055,-47.2313854664036,25.429813082479118,-66.77519331232165,-0.6988,-0.4006,0.2201,-0.5503
75,1595103.0,792.008361,1.0,7.32,3.0,5.54,10.75,-14.06,-44.38,-0.63,-0.75,0.81,0.07998533711291267,-0.11557576419949678,0.14982626812125055,-47.2313854664036,25.429813082479118,-66.77519331232165,-0.6988,-0.4006,0.2201,-0.5503
76,1595140.0,792.096667,1.0,7.38,3.26,5.52,10.0,-14.88,-45.19,-0.94,0.88,0.69,-0.15966660888561268,-0.18965767290710425,0.034191939659478976,-47.18136407572362,25.45330808515709,-66.80264364391536,-0.6987,-0.4002,0.2203,-0.5505
77,1595140.0,792.096667,1.0,7.38,3.26,5.52,10.0,-14.88,-45.19,-0.94,0.88,0.69,-0.15966660888561268,-0.18965767290710425,0.034191939659478976,-47.18136407572362,25.45330808515709,-66.80264364391536,-0.6987,-0.4002,0.2203,-0.5505
78,1595172.0,792.205247,1.0,7.36,3.12,5.57,10.0,-14.88,-45.19,0.0,-0.81,-1.63,-0.020533029954724613,-0.12283113931922672,0.06429962106708054,-47.21887922414317,25.45330808515709,-66.76146977168455,-0.6988,-0.4005,0.2203,-0.5502
79,1595172.0,792.205247,1.0,7.36,3.12,5.57,10.0,-14.88,-45.19,0.0,-0.81,-1.63,-0.020533029954724613,-0.12283113931922672,0.06429962106708054,-47.21887922414317,25.45330808515709,-66.76146977168455,-0.6988,-0.4005,0.2203,-0.5502
80,1595207.0,792.208062,1.0,7.18,3.06,5.64,10.38,-14.5,-44.38,-0.37,2.0,1.37,-0.00946189634478034,0.04185673246605548,0.17733234574926904,-47.20637357843252,25.45330808515709,-66.77519331232165,-0.6989,-0.4004,0.2203,-0.5503
81,1595207.0,792.208062,1.0,7.18,3.06,5.64,10.38,-14.5,-44.38,-0.37,2.0,1.37,-0.00946189634478034,0.04185673246605548,0.17733234574926904,-47.20637357843252,25.45330808515709,-66.77519331232165,-0.6989,-0.4004,0.2203,-0.5503
82,1595242.0,792.2109370000001,1.0,7.51,3.24,5.47,10.0,-14.06,-45.19,-0.81,2.19,0.63,-0.10762664877035676,-0.3137825822339191,-0.027400894497196404,-47.15635695640368,25.418065988790868,-66.8300983122929,-0.6989,-0.4,0.22,-0.5507
83,1595242.0,792.2109370000001,1.0,7.51,3.24,5.47,10.0,-14.06,-45.19,-0.81,2.19,0.63,-0.10762664877035676,-0.3137825822339191,-0.027400894497196404,-47.15635695640368,25.418065988790868,-66.8300983122929,-0.6989,-0.4,0.22,-0.5507
84,1595279.0,792.213653,1.0,7.44,3.2,5.52,10.0,-14.5,-44.38,0.63,-1.56,-1.12,-0.0793371728214991,-0.2252095644370917,0.008334519005588348,-47.18136407572362,25.418065988790868,-66.78891793624743,-0.6989,-0.4002,0.22,-0.5504
85,1595279.0,792.213653,1.0,7.44,3.2,5.52,10.0,-14.5,-44.38,0.63,-1.56,-1.12,-0.0793371728214991,-0.2252095644370917,0.008334519005588348,-47.18136407572362,25.418065988790868,-66.78891793624743,-0.6989,-0.4002,0.22,-0.5504
86,1595312.0,792.216381,1.0,7.28,3.04,5.63,10.0,-14.5,-44.38,0.25,0.63,-0.5,0.041280199075429465,-0.0292914978311849,0.11467713822830028,-47.1938685290374,25.418065988790868,-66.77519331232165,-0.6990000000000001,-0.4003,0.22,-0.5503
87,1595312.0,792.216381,1.0,7.28,3.04,5.63,10.0,-14.5,-44.38,0.25,0.63,-0.5,0.041280199075429465,-0.0292914978311849,0.11467713822830028,-47.1938685290374,25.418065988790868,-66.77519331232165,-0.6990000000000001,-0.4003,0.22,-0.5503
88,1595348.0,792.2189490000001,1.0,7.44,3.2,5.42,10.38,-14.5,-43.19,-0.25,0.63,1.19,-0.0940068761440036,-0.3086314767132561,0.06673679100170382,-47.168860218257045,25.40631916668005,-66.8163704357792,-0.6989,-0.4001,0.2199,-0.5506
89,1595348.0,792.2189490000001,1.0,7.44,3.2,5.42,10.38,-14.5,-43.19,-0.25,0.63,1.19,-0.0940068761440036,-0.3086314767132561,0.06673679100170382,-47.168860218257045,25.40631916668005,-66.8163704357792,-0.6989,-0.4001,0.2199,-0.5506
90,1595383.0,792.255295,1.0,7.44,3.21,5.54,10.0,-13.69,-45.19,0.44,-0.56,-0.25,-0.08518202421880082,-0.20312530201648493,-0.00664629301137154,-47.21887922414317,25.429813082479118,-66.78891793624743,-0.6987,-0.4005,0.2201,-0.5504
91,1595383.0,792.255295,1.0,7.44,3.21,5.54,10.0,-13.69,-45.19,0.44,-0.56,-0.25,-0.08518202421880082,-0.20312530201648493,-0.00664629301137154,-47.21887922414317,25.429813082479118,-66.78891793624743,-0.6987,-0.4005,0.2201,-0.5504
92,1595420.0,792.262842,1.0,7.25,3.04,5.69,10.0,-13.69,-45.19,1.0,-0.63,-1.37,0.04550006110314842,0.04971905680976918,0.10223565601048,-47.26890777482772,25.441560447887092,-66.73402593846353,-0.6988,-0.4009,0.2202,-0.55
93,1595420.0,792.262842,1.0,7.25,3.04,5.69,10.0,-13.69,-45.19,1.0,-0.63,-1.37,0.04550006110314842,0.04971905680976918,0.10223565601048,-47.26890777482772,25.441560447887092,-66.73402593846353,-0.6988,-0.4009,0.2202,-0.55
94,1595453.0,792.345536,1.0,7.36,3.08,5.42,10.38,-14.5,-46.0,0.37,0.88,0.25,0.007160853539289969,-0.2371515831039255,0.16423806891097747,-47.26890777482772,25.418065988790868,-66.73402593846353,-0.6988,-0.4009,0.22,-0.55
95,1595453.0,792.345536,1.0,7.36,3.08,5.42,10.38,-14.5,-46.0,0.37,0.88,0.25,0.007160853539289969,-0.2371515831039255,0.16423806891097747,-47.26890777482772,25.418065988790868,-66.73402593846353,-0.6988,-0.4009,0.22,-0.55
96,1595490.0,792.355917,1.0,7.34,3.08,5.57,9.69,-14.5,-44.38,0.44,-1.44,-1.12,0.02207430006632349,-0.09753538300058763,0.09187261838494187,-47.30643546064212,25.441560447887092,-66.72030564497379,-0.6987,-0.4012,0.2202,-0.5499
97,1595490.0,792.355917,1.0,7.34,3.08,5.57,9.69,-14.5,-44.38,0.44,-1.44,-1.12,0.02207430006632349,-0.09753538300058763,0.09187261838494187,-47.30643546064212,25.441560447887092,-66.72030564497379,-0.6987,-0.4012,0.2202,-0.5499
98,1595525.0,792.3588120000001,1.0,7.25,3.03,5.72,9.69,-14.5,-44.38,0.0,0.12,-0.81,0.06780347235783557,0.08228171395123862,0.0880887685889693,-47.331456908420954,25.441560447887092,-66.67915125155818,-0.6989,-0.4014,0.2202,-0.5496
99,1595525.0,792.3588120000001,1.0,7.25,3.03,5.72,9.69,-14.5,-44.38,0.0,0.12,-0.81,0.06780347235783557,0.08228171395123862,0.0880887685889693,-47.331456908420954,25.441560447887092,-66.67915125155818,-0.6989,-0.4014,0.2202,-0.5496
100,1595557.0,792.361908,1.0,7.38,3.13,5.48,8.88,-14.88,-45.19,-0.75,1.44,-0.56,-0.018001681139948378,-0.20423864295000693,0.09842346184164974,-47.29392563415834,25.394572616004382,-66.69286830197329,-0.6990000000000001,-0.4011,0.2198,-0.5497
101,1595557.0,792.361908,1.0,7.38,3.13,5.48,8.88,-14.88,-45.19,-0.75,1.44,-0.56,-0.018001681139948378,-0.20423864295000693,0.09842346184164974,-47.29392563415834,25.394572616004382,-66.69286830197329,-0.6990000000000001,-0.4011,0.2198,-0.5497
102,1595592.0,792.365534,1.0,7.45,3.03,5.52,10.0,-13.69,-44.38,-0.06,-0.12,-2.25,0.10850678573068984,-0.2061410028954136,0.0547510995613969,-47.30643546064212,25.382826336621637,-66.65172039063913,-0.6992,-0.4012,0.2197,-0.5494
103,1595592.0,792.365534,1.0,7.45,3.03,5.52,10.0,-13.69,-44.38,-0.06,-0.12,-2.25,0.10850678573068984,-0.2061410028954136,0.0547510995613969,-47.30643546064212,25.382826336621637,-66.65172039063913,-0.6992,-0.4012,0.2197,-0.5494
104,1595629.0,792.368522,1.0,7.34,3.01,5.67,9.69,-14.06,-46.0,-1.06,0.81,-0.56,0.11617633610251475,-0.017528422018508794,0.05622458295529675,-47.30643546064212,25.40631916668005,-66.59687161580996,-0.6995,-0.4012,0.2199,-0.5489999999999999
105,1595629.0,792.368522,1.0,7.34,3.01,5.67,9.69,-14.06,-46.0,-1.06,0.81,-0.56,0.11617633610251475,-0.017528422018508794,0.05622458295529675,-47.30643546064212,25.40631916668005,-66.59687161580996,-0.6995,-0.4012,0.2199,-0.5489999999999999
106,1595664.0,792.408165,1.0,7.26,3.09,5.43,9.69,-14.06,-46.0,-1.12,-0.06,2.31,-0.027796035200995828,-0.1688298871003433,0.23004706108430464,-47.26890777482772,25.45330808515709,-66.65172039063913,-0.6993,-0.4009,0.2203,-0.5494
107,1595664.0,792.408165,1.0,7.26,3.09,5.43,9.69,-14.06,-46.0,-1.12,-0.06,2.31,-0.027796035200995828,-0.1688298871003433,0.23004706108430464,-47.26890777482772,25.45330808515709,-66.65172039063913,-0.6993,-0.4009,0.2203,-0.5494
108,1595699.0,792.4658559999999,1.0,7.18,3.3,5.61,10.75,-14.5,-46.0,0.0,3.69,6.75,-0.2469671625918648,0.002426902756536453,0.1188483231104307,-47.1938685290374,25.47680417585264,-66.80264364391536,-0.6986,-0.4003,0.2205,-0.5505
109,1595699.0,792.4658559999999,1.0,7.18,3.3,5.61,10.75,-14.5,-46.0,0.0,3.69,6.75,-0.2469671625918648,0.002426902756536453,0.1188483231104307,-47.1938685290374,25.47680417585264,-66.80264364391536,-0.6986,-0.4003,0.2205,-0.5505
110,1595734.0,792.4830139999999,1.0,7.67,3.73,5.47,9.25,-13.69,-43.56,1.0,1.88,5.06,-0.5521217543302566,-0.4427850197858685,-0.3008622060103629,-47.093849573149654,25.47680417585264,-67.00865961711182,-0.6979,-0.3995,0.2205,-0.552
111,1595734.0,792.4830139999999,1.0,7.67,3.73,5.47,9.25,-13.69,-43.56,1.0,1.88,5.06,-0.5521217543302566,-0.4427850197858685,-0.3008622060103629,-47.093849573149654,25.47680417585264,-67.00865961711182,-0.6979,-0.3995,0.2205,-0.552
112,1595768.0,792.567983,1.0,7.53,3.56,5.47,9.25,-13.69,-43.56,4.5,-5.19,-3.63,-0.4155758830111649,-0.3234587117419763,-0.1441324389470875,-47.26890777482772,25.46505599443148,-66.96743683322202,-0.6974,-0.4009,0.2204,-0.5517
113,1595768.0,792.567983,1.0,7.53,3.56,5.47,9.25,-13.69,-43.56,4.5,-5.19,-3.63,-0.4155758830111649,-0.3234587117419763,-0.1441324389470875,-47.26890777482772,25.46505599443148,-66.96743683322202,-0.6974,-0.4009,0.2204,-0.5517
114,1595803.0,792.575755,1.0,7.12,2.86,5.84,10.75,-14.06,-44.75,7.0,-2.44,0.56,0.20148912528775864,0.2913802454692276,0.17056678715148088,-47.49415477267991,25.418065988790868,-66.91248837447597,-0.6968,-0.4027,0.22,-0.5513
115,1595803.0,792.575755,1.0,7.12,2.86,5.84,10.75,-14.06,-44.75,7.0,-2.44,0.56,0.20148912528775864,0.2913802454692276,0.17056678715148088,-47.49415477267991,25.418065988790868,-66.91248837447597,-0.6968,-0.4027,0.22,-0.5513
116,1595840.0,792.5789110000001,1.0,7.5,2.8,5.57,10.38,-14.88,-44.75,5.44,2.44,6.56,0.3308878438864087,-0.13920021765043145,0.060571992197358426,-47.606851295352534,25.32409900412527,-67.173649069206,-0.6951,-0.4036,0.2192,-0.5532
117,1595840.0,792.5789110000001,1.0,7.5,2.8,5.57,10.38,-14.88,-44.75,5.44,2.44,6.56,0.3308878438864087,-0.13920021765043145,0.060571992197358426,-47.606851295352534,25.32409900412527,-67.173649069206,-0.6951,-0.4036,0.2192,-0.5532
118,1595875.0,792.6225410000001,1.0,7.86,2.9,5.23,10.38,-14.88,-44.75,3.75,0.63,6.63,0.2775572247525673,-0.6313517921931231,-0.0456013620736524,-47.619376147320615,25.28886585104528,-67.39388076848982,-0.6938,-0.4037,0.2189,-0.5548
119,1595875.0,792.6225410000001,1.0,7.86,2.9,5.23,10.38,-14.88,-44.75,3.75,0.63,6.63,0.2775572247525673,-0.6313517921931231,-0.0456013620736524,-47.619376147320615,25.28886585104528,-67.39388076848982,-0.6938,-0.4037,0.2189,-0.5548
120,1595908.0,792.6757650000001,1.0,7.61,3.05,5.43,10.0,-14.5,-44.0,2.19,-4.56,1.44,0.07945224972013176,-0.2994546181650144,-0.022058677729445364,-47.74465793118145,25.394572616004382,-67.47654041370244,-0.6924,-0.4047,0.2198,-0.5554
121,1595908.0,792.6757650000001,1.0,7.61,3.05,5.43,10.0,-14.5,-44.0,2.19,-4.56,1.44,0.07945224972013176,-0.2994546181650144,-0.022058677729445364,-47.74465793118145,25.394572616004382,-67.47654041370244,-0.6924,-0.4047,0.2198,-0.5554
122,1595942.0,792.735119,1.0,7.49,2.59,5.45,9.69,-15.19,-45.19,0.94,-3.38,-1.19,0.4829076171716405,-0.16635432991260626,0.20197267745569114,-47.83239125050407,25.47680417585264,-67.43520561710105,-0.6921,-0.4054,0.2205,-0.5551
123,1595942.0,792.735119,1.0,7.49,2.59,5.45,9.69,-15.19,-45.19,0.94,-3.38,-1.19,0.4829076171716405,-0.16635432991260626,0.20197267745569114,-47.83239125050407,25.47680417585264,-67.43520561710105,-0.6921,-0.4054,0.2205,-0.5551
124,1595979.0,792.7988650000001,1.0,7.03,2.57,5.71,9.25,-15.19,-45.19,-2.88,-2.75,3.06,0.39738116876670815,0.3367234903463185,0.4067241759438005,-47.8700003617391,25.617803632217928,-67.36633638987873,-0.6918,-0.4057,0.2217,-0.5546
125,1595979.0,792.7988650000001,1.0,7.03,2.57,5.71,9.25,-15.19,-45.19,-2.88,-2.75,3.06,0.39738116876670815,0.3367234903463185,0.4067241759438005,-47.8700003617391,25.617803632217928,-67.36633638987873,-0.6918,-0.4057,0.2217,-0.5546
126,1596014.0,792.814112,1.0,7.02,3.25,5.94,9.25,-15.19,-45.19,-4.75,2.44,10.69,-0.2812775814034856,0.4811764196823938,0.06930682152768064,-47.619376147320615,25.817620461905193,-67.65577312725135,-0.6908,-0.4037,0.2234,-0.5567
127,1596014.0,792.814112,1.0,7.02,3.25,5.94,9.25,-15.19,-45.19,-4.75,2.44,10.69,-0.2812775814034856,0.4811764196823938,0.06930682152768064,-47.619376147320615,25.817620461905193,-67.65577312725135,-0.6908,-0.4037,0.2234,-0.5567
128,1596051.0,792.8166610000001,1.0,8.96,4.88,4.72,8.88,-15.56,-45.19,4.44,8.81,14.75,-1.5424743281936883,-1.7610178495297475,-1.1885302659393044,-47.318945885318016,25.841133562817532,-68.18076625802583,-0.6890000000000001,-0.4013,0.2236,-0.5605
129,1596051.0,792.8166610000001,1.0,8.96,4.88,4.72,8.88,-15.56,-45.19,4.44,8.81,14.75,-1.5424743281936883,-1.7610178495297475,-1.1885302659393044,-47.318945885318016,25.841133562817532,-68.18076625802583,-0.6890000000000001,-0.4013,0.2236,-0.5605
130,1596086.0,792.830549,1.0,9.12,4.51,5.35,9.25,-14.88,-43.56,10.63,-9.06,-5.94,-1.036017781908984,-1.2946291711455495,-1.5682171405334395,-47.58180340274293,25.747087788934113,-68.26380850791266,-0.6876,-0.4034,0.2228,-0.5611
131,1596086.0,792.830549,1.0,9.12,4.51,5.35,9.25,-14.88,-43.56,10.63,-9.06,-5.94,-1.036017781908984,-1.2946291711455495,-1.5682171405334395,-47.58180340274293,25.747087788934113,-68.26380850791266,-0.6876,-0.4034,0.2228,-0.5611
132,1596121.0,792.871582,1.0,9.58,2.69,5.23,9.25,-14.88,-43.56,15.38,-15.5,-25.81,0.9967984424318266,-1.4705473706557932,-1.2933177159811056,-48.56047848444357,25.45330808515709,-67.49032089207272,-0.6884,-0.4112,0.2203,-0.5555
133,1596121.0,792.871582,1.0,9.58,2.69,5.23,9.25,-14.88,-43.56,15.38,-15.5,-25.81,0.9967984424318266,-1.4705473706557932,-1.2933177159811056,-48.56047848444357,25.45330808515709,-67.49032089207272,-0.6884,-0.4112,0.2203,-0.5555
134,1596153.0,792.913987,1.0,10.11,2.1,4.51,9.25,-15.56,-45.56,16.19,-17.56,-14.0,1.7605832155300698,-2.1956942825555563,-1.1039628773202583,-49.60604885480682,25.30060996520192,-66.80264364391536,-0.6877,-0.4195,0.21899999999999997,-0.5505
135,1596153.0,792.913987,1.0,10.11,2.1,4.51,9.25,-15.56,-45.56,16.19,-17.56,-14.0,1.7605832155300698,-2.1956942825555563,-1.1039628773202583,-49.60604885480682,25.30060996520192,-66.80264364391536,-0.6877,-0.4195,0.21899999999999997,-0.5505
136,1596190.0,792.9264440000001,1.0,11.83,2.62,4.52,8.5,-16.69,-45.19,34.25,-24.62,29.5,1.758595577447978,-3.0022785172229005,-2.648765099465866,-50.56731827609278,25.512050354420897,-67.10488432031785,-0.6807,-0.4271,0.2208,-0.5527
137,1596190.0,792.9264440000001,1.0,11.83,2.62,4.52,8.5,-16.69,-45.19,34.25,-24.62,29.5,1.758595577447978,-3.0022785172229005,-2.648765099465866,-50.56731827609278,25.512050354420897,-67.10488432031785,-0.6807,-0.4271,0.2208,-0.5527
138,1596227.0,792.970223,1.0,12.97,3.15,5.08,5.56,-19.37,-46.38,45.31,-44.56,40.88,1.5059151552268313,-2.7049833498506524,-4.1348378912650094,-52.348173087212714,26.35870385587789,-68.00098090210307,-0.6639,-0.4411,0.228,-0.5592
139,1596227.0,792.970223,1.0,12.97,3.15,5.08,5.56,-19.37,-46.38,45.31,-44.56,40.88,1.5059151552268313,-2.7049833498506524,-4.1348378912650094,-52.348173087212714,26.35870385587789,-68.00098090210307,-0.6639,-0.4411,0.228,-0.5592
140,1596262.0,792.989683,1.0,13.03,3.54,4.86,5.56,-19.37,-46.38,32.13,-77.81,34.13,1.0018779806387117,-2.356311327832107,-4.313411523883009,-54.065535928953075,27.57245336826063,-68.09776471776088,-0.6505,-0.4545,0.2383,-0.5599
141,1596262.0,792.989683,1.0,13.03,3.54,4.86,5.56,-19.37,-46.38,32.13,-77.81,34.13,1.0018779806387117,-2.356311327832107,-4.313411523883009,-54.065535928953075,27.57245336826063,-68.09776471776088,-0.6505,-0.4545,0.2383,-0.5599
142,1596299.0,793.048521,1.0,12.45,2.99,5.62,0.37,-21.19,-49.19,47.56,-111.81,46.94,1.4464162561710614,-0.39086657790918267,-4.095943403108558,-57.25327616401329,29.9147053648035,-67.49032089207272,-0.6286,-0.4791,0.2581,-0.5555
143,1596299.0,793.048521,1.0,12.45,2.99,5.62,0.37,-21.19,-49.19,47.56,-111.81,46.94,1.4464162561710614,-0.39086657790918267,-4.095943403108558,-57.25327616401329,29.9147053648035,-67.49032089207272,-0.6286,-0.4791,0.2581,-0.5555
144,1596334.0,793.0521269999999,1.0,11.77,2.69,5.75,-9.0,-25.69,-51.56,43.06,-109.5,76.5,1.398082635022185,0.8690660290129326,-3.464430934982845,-59.72232420224728,32.17439925332779,-67.49032089207272,-0.6057,-0.4979,0.2771,-0.5555
145,1596334.0,793.0521269999999,1.0,11.77,2.69,5.75,-9.0,-25.69,-51.56,43.06,-109.5,76.5,1.398082635022185,0.8690660290129326,-3.464430934982845,-59.72232420224728,32.17439925332779,-67.49032089207272,-0.6057,-0.4979,0.2771,-0.5555
146,1596368.0,793.094946,1.0,12.26,3.81,4.29,-9.0,-25.69,-51.56,36.13,-112.44,96.19,-0.3946551976677477,0.6724245685924224,-3.707042777124508,-62.182157850572864,35.805224148583044,-67.98715914500032,-0.5711,-0.5164,0.3074,-0.5591
147,1596368.0,793.094946,1.0,12.26,3.81,4.29,-9.0,-25.69,-51.56,36.13,-112.44,96.19,-0.3946551976677477,0.6724245685924224,-3.707042777124508,-62.182157850572864,35.805224148583044,-67.98715914500032,-0.5711,-0.5164,0.3074,-0.5591
148,1596403.0,793.1119219999999,1.0,12.16,4.43,3.71,-23.87,-29.37,-53.25,31.5,-124.12,80.44,-1.5728728093574569,1.5709406593280906,-3.4716336455038035,-64.86423446267784,39.69282860908111,-67.66956803559746,-0.5359,-0.5363,0.3395,-0.5568
149,1596403.0,793.1119219999999,1.0,12.16,4.43,3.71,-23.87,-29.37,-53.25,31.5,-124.12,80.44,-1.5728728093574569,1.5709406593280906,-3.4716336455038035,-64.86423446267784,39.69282860908111,-67.66956803559746,-0.5359,-0.5363,0.3395,-0.5568
150,1596442.0,793.186691,1.0,10.93,4.48,2.84,-41.0,-27.5,-47.19,29.69,-133.44,63.94,-2.200035342410354,1.9507043268350903,-1.9812886290145,-67.10488432031785,42.507618370719364,-66.80264364391536,-0.5099,-0.5527,0.3625,-0.5505
151,1596442.0,793.186691,1.0,10.93,4.48,2.84,-41.0,-27.5,-47.19,29.69,-133.44,63.94,-2.200035342410354,1.9507043268350903,-1.9812886290145,-67.10488432031785,42.507618370719364,-66.80264364391536,-0.5099,-0.5527,0.3625,-0.5505
152,1596477.0,793.254304,1.0,9.95,4.79,1.61,-59.0,-21.5,-32.25,20.37,-131.44,29.37,-2.9247570024631853,2.0010203597498952,-0.7754298521088927,-70.39546823502994,45.53591791274641,-64.57934727558172,-0.4822,-0.5764,0.387,-0.5342
153,1596477.0,793.254304,1.0,9.95,4.79,1.61,-59.0,-21.5,-32.25,20.37,-131.44,29.37,-2.9247570024631853,2.0010203597498952,-0.7754298521088927,-70.39546823502994,45.53591791274641,-64.57934727558172,-0.4822,-0.5764,0.387,-0.5342
154,1596512.0,793.294122,1.0,9.82,2.57,-0.12,-59.0,-21.5,-32.25,28.25,-127.62,-14.06,-1.0239216603977843,0.4424124832852254,-0.28332302414637844,-73.33924904872958,46.84396830154976,-62.262463418184296,-0.4669,-0.5972,0.3975,-0.517
155,1596512.0,793.294122,1.0,9.82,2.57,-0.12,-59.0,-21.5,-32.25,28.25,-127.62,-14.06,-1.0239216603977843,0.4424124832852254,-0.28332302414637844,-73.33924904872958,46.84396830154976,-62.262463418184296,-0.4669,-0.5972,0.3975,-0.517
156,1596549.0,793.305598,1.0,9.18,3.73,-1.67,-65.56,-14.06,-11.88,32.88,-137.81,10.13,-2.4344229533644137,0.1430546746097423,0.05845425698146123,-77.26165547882309,48.91271498969397,-59.286754689259176,-0.4407,-0.6243,0.414,-0.4946
157,1596549.0,793.305598,1.0,9.18,3.73,-1.67,-65.56,-14.06,-11.88,32.88,-137.81,10.13,-2.4344229533644137,0.1430546746097423,0.05845425698146123,-77.26165547882309,48.91271498969397,-59.286754689259176,-0.4407,-0.6243,0.414,-0.4946
158,1596585.0,793.393781,1.0,9.29,3.6,-2.14,-65.0,-11.06,11.38,43.06,-153.31,-0.31,-2.2359491148778305,0.4332014758026248,-0.1259512724280576,-80.58651122616075,50.35196946524382,-56.75776958698043,-0.4182,-0.6467,0.4254,-0.4753
159,1596585.0,793.393781,1.0,9.29,3.6,-2.14,-65.0,-11.06,11.38,43.06,-153.31,-0.31,-2.2359491148778305,0.4332014758026248,-0.1259512724280576,-80.58651122616075,50.35196946524382,-56.75776958698043,-0.4182,-0.6467,0.4254,-0.4753
160,1596618.0,793.45474,1.0,10.34,3.32,-4.89,-65.0,-11.06,11.38,57.69,-179.0,-9.63,-2.15698148758306,-0.751985397045769,-1.88232124749881,-85.74981673368876,51.97818068894303,-52.846677531793524,-0.3834,-0.6804,0.4382,-0.445
161,1596618.0,793.45474,1.0,10.34,3.32,-4.89,-65.0,-11.06,11.38,57.69,-179.0,-9.63,-2.15698148758306,-0.751985397045769,-1.88232124749881,-85.74981673368876,51.97818068894303,-52.846677531793524,-0.3834,-0.6804,0.4382,-0.445
162,1596655.0,793.4685139999999,1.0,10.71,2.99,-4.52,-51.56,-9.38,31.5,94.19,-284.31,-0.75,-1.106141813571009,1.7338838186743604,-2.0189450037031555,-93.52158145031368,54.32297694444978,-46.494530291688996,-0.3242,-0.7285,0.4565,-0.3947
163,1596655.0,793.4685139999999,1.0,10.71,2.99,-4.52,-51.56,-9.38,31.5,94.19,-284.31,-0.75,-1.106141813571009,1.7338838186743604,-2.0189450037031555,-93.52158145031368,54.32297694444978,-46.494530291688996,-0.3242,-0.7285,0.4565,-0.3947
164,1596692.0,793.472015,1.0,9.42,0.95,-5.13,-22.56,-12.56,38.38,95.87,-322.31,-18.37,0.7639231714872889,1.708043324935436,-0.7978211979526986,-100.33136679814685,56.107543888708584,-40.11951210127083,-0.2674,-0.7679,0.4703,-0.34299999999999997
165,1596692.0,793.472015,1.0,9.42,0.95,-5.13,-22.56,-12.56,38.38,95.87,-322.31,-18.37,0.7639231714872889,1.708043324935436,-0.7978211979526986,-100.33136679814685,56.107543888708584,-40.11951210127083,-0.2674,-0.7679,0.4703,-0.34299999999999997
166,1596727.0,793.5102519999999,1.0,9.12,0.36,-6.05,-7.06,-13.69,20.25,70.75,-360.75,-25.12,1.8769503586498342,3.0048177341444413,-0.5545578318956271,-108.93776167014931,57.72378450652888,-30.16385952856291,-0.1923,-0.8138,0.4827,-0.2602
167,1596727.0,793.5102519999999,1.0,9.12,0.36,-6.05,-7.06,-13.69,20.25,70.75,-360.75,-25.12,1.8769503586498342,3.0048177341444413,-0.5545578318956271,-108.93776167014931,57.72378450652888,-30.16385952856291,-0.1923,-0.8138,0.4827,-0.2602
168,1596762.0,793.526814,1.0,4.8,-1.33,-5.56,-7.06,-13.69,20.25,62.56,-400.69,-0.94,2.2746638302638407,0.8654695212032695,2.7497833463669856,-114.32249031100716,58.996898086234786,-21.473869337236096,-0.1299,-0.8402,0.4924,-0.1863
169,1596762.0,793.526814,1.0,4.8,-1.33,-5.56,-7.06,-13.69,20.25,62.56,-400.69,-0.94,2.2746638302638407,0.8654695212032695,2.7497833463669856,-114.32249031100716,58.996898086234786,-21.473869337236096,-0.1299,-0.8402,0.4924,-0.1863
170,1596798.0,793.610673,1.0,2.01,-0.95,-4.17,-18.19,-13.5,21.37,20.87,-352.13,6.38,1.435097901854608,0.5282011265925752,5.335297007676665,-118.02953078996279,60.7025381110459,-9.372576979838527,-0.0548,-0.8573,0.5053,-0.0817
171,1596798.0,793.610673,1.0,2.01,-0.95,-4.17,-18.19,-13.5,21.37,20.87,-352.13,6.38,1.435097901854608,0.5282011265925752,5.335297007676665,-118.02953078996279,60.7025381110459,-9.372576979838527,-0.0548,-0.8573,0.5053,-0.0817
172,1596835.0,793.620436,1.0,-0.17,-1.18,-4.52,-19.25,-11.5,30.56,8.19,-313.56,15.0,0.9085924801545584,-0.8437293036595493,5.29951337380896,-118.63316578204837,61.34098184227653,-1.3292918974264516,-0.0097,-0.86,0.5101,-0.0116
173,1596835.0,793.620436,1.0,-0.17,-1.18,-4.52,-19.25,-11.5,30.56,8.19,-313.56,15.0,0.9085924801545584,-0.8437293036595493,5.29951337380896,-118.63316578204837,61.34098184227653,-1.3292918974264516,-0.0097,-0.86,0.5101,-0.0116
174,1596868.0,793.623252,1.0,-2.05,-0.3,-4.63,-19.25,-11.5,30.56,4.63,-245.25,20.12,-0.3417058144174043,-1.3280180885879287,4.923105683340572,-117.27684633570152,61.99490997256027,7.47667331573405,0.0372,-0.8539,0.515,0.0652
175,1596868.0,793.623252,1.0,-2.05,-0.3,-4.63,-19.25,-11.5,30.56,4.63,-245.25,20.12,-0.3417058144174043,-1.3280180885879287,4.923105683340572,-117.27684633570152,61.99490997256027,7.47667331573405,0.0372,-0.8539,0.515,0.0652
176,1596905.0,793.660564,1.0,-3.47,-1.74,-5.41,-12.38,-11.06,37.69,-5.31,-195.31,4.31,0.753443492137261,-2.414792297857415,3.647291180904906,-115.57996801372805,61.78113721204743,14.303764676023915,0.0712,-0.8461,0.5134,0.1245
177,1596905.0,793.660564,1.0,-3.47,-1.74,-5.41,-12.38,-11.06,37.69,-5.31,-195.31,4.31,0.753443492137261,-2.414792297857415,3.647291180904906,-115.57996801372805,61.78113721204743,14.303764676023915,0.0712,-0.8461,0.5134,0.1245
178,1596942.0,793.711738,1.0,-5.64,-0.79,-2.95,-6.75,-9.56,40.19,-25.81,-158.88,16.06,-1.1356270974500522,-4.105010905937834,5.011294272041059,-114.09040704091221,61.447593803930225,19.006087438353557,0.0878,-0.8391,0.5109,0.1651
179,1596942.0,793.711738,1.0,-5.64,-0.79,-2.95,-6.75,-9.56,40.19,-25.81,-158.88,16.06,-1.1356270974500522,-4.105010905937834,5.011294272041059,-114.09040704091221,61.447593803930225,19.006087438353557,0.0878,-0.8391,0.5109,0.1651
180,1596977.0,793.718555,1.0,-5.3,-1.38,-4.08,-6.75,-9.56,40.19,-6.19,-94.0,35.75,0.08933723365499446,-3.4228426096807967,3.897591925481149,-111.62435104940481,62.15539687050149,22.851748300506443,0.1001,-0.8272,0.5162,0.1981
181,1596977.0,793.718555,1.0,-5.3,-1.38,-4.08,-6.75,-9.56,40.19,-6.19,-94.0,35.75,0.08933723365499446,-3.4228426096807967,3.897591925481149,-111.62435104940481,62.15539687050149,22.851748300506443,0.1001,-0.8272,0.5162,0.1981
182,1597011.0,793.735498,1.0,-4.61,1.98,-5.17,-1.25,-9.88,38.69,-5.13,-22.87,41.56,-2.2212890647640817,-0.922220247850794,3.0157159916905707,-109.86983734458828,63.34995089580225,24.232984111333426,0.1013,-0.8185,0.5251,0.2099
183,1597011.0,793.735498,1.0,-4.61,1.98,-5.17,-1.25,-9.88,38.69,-5.13,-22.87,41.56,-2.2212890647640817,-0.922220247850794,3.0157159916905707,-109.86983734458828,63.34995089580225,24.232984111333426,0.1013,-0.8185,0.5251,0.2099
184,1597046.0,793.738332,1.0,-3.36,-1.64,-6.4,0.19,-10.56,39.0,23.25,15.13,3.75,1.7408908483306842,-0.9778430626339288,2.668560479753199,-109.43221295455638,63.99739696031453,23.670706029265663,0.1033,-0.8163,0.5299,0.2051
185,1597046.0,793.738332,1.0,-3.36,-1.64,-6.4,0.19,-10.56,39.0,23.25,15.13,3.75,1.7408908483306842,-0.9778430626339288,2.668560479753199,-109.43221295455638,63.99739696031453,23.670706029265663,0.1033,-0.8163,0.5299,0.2051
186,1597083.0,793.773678,1.0,-2.61,1.19,-7.24,-0.56,-9.5,37.38,13.06,2.69,36.19,-0.3998212900707019,1.1054675142972563,2.1083459977642054,-108.6425203865957,64.95929683143846,23.38978453262475,0.1036,-0.8123,0.537,0.2027
187,1597083.0,793.773678,1.0,-2.61,1.19,-7.24,-0.56,-9.5,37.38,13.06,2.69,36.19,-0.3998212900707019,1.1054675142972563,2.1083459977642054,-108.6425203865957,64.95929683143846,23.38978453262475,0.1036,-0.8123,0.537,0.2027
188,1597116.0,793.7979799999999,1.0,-2.22,1.3,-8.62,-0.56,-9.5,37.38,10.31,6.06,15.0,-0.11971408064222988,1.979719975449635,1.032302311556048,-107.8992703852027,65.84443673875893,23.08561363949995,0.1047,-0.8085,0.5435,0.2001
189,1597116.0,793.7979799999999,1.0,-2.22,1.3,-8.62,-0.56,-9.5,37.38,10.31,6.06,15.0,-0.11971408064222988,1.979719975449635,1.032302311556048,-107.8992703852027,65.84443673875893,23.08561363949995,0.1047,-0.8085,0.5435,0.2001
190,1597153.0,793.835505,1.0,-2.43,-0.35,-8.07,-0.69,-9.25,37.69,8.63,4.31,-4.44,1.169579824411995,0.9422482596602372,1.5062553556776184,-108.05519160220844,65.78983934086463,22.79329707445838,0.1057,-0.8093,0.5431,0.1976
191,1597153.0,793.835505,1.0,-2.43,-0.35,-8.07,-0.69,-9.25,37.69,8.63,4.31,-4.44,1.169579824411995,0.9422482596602372,1.5062553556776184,-108.05519160220844,65.78983934086463,22.79329707445838,0.1057,-0.8093,0.5431,0.1976
192,1597190.0,793.886462,1.0,-1.98,0.84,-9.24,-0.88,-9.88,36.0,11.13,2.75,14.63,0.4063173818222654,2.231510621643576,0.5947627595524168,-107.627107150319,66.29551072464068,22.53618284114898,0.1075,-0.8071,0.5468,0.1954
193,1597190.0,793.886462,1.0,-1.98,0.84,-9.24,-0.88,-9.88,36.0,11.13,2.75,14.63,0.4063173818222654,2.231510621643576,0.5947627595524168,-107.627107150319,66.29551072464068,22.53618284114898,0.1075,-0.8071,0.5468,0.1954
194,1597222.0,793.946771,1.0,-2.71,0.16,-9.66,-0.88,-9.88,36.0,4.25,-5.25,-3.5,0.8683395007585145,1.5646339068873254,-0.06670845843960826,-107.39452579488425,66.43242860811324,22.606293449751373,0.1096,-0.8059,0.5478,0.196
195,1597222.0,793.946771,1.0,-2.71,0.16,-9.66,-0.88,-9.88,36.0,4.25,-5.25,-3.5,0.8683395007585145,1.5646339068873254,-0.06670845843960826,-107.39452579488425,66.43242860811324,22.606293449751373,0.1096,-0.8059,0.5478,0.196
196,1597257.0,794.016038,1.0,-3.8,0.06,-8.57,-0.37,-10.0,36.0,-4.13,-7.31,-8.88,0.4004360834556819,0.2267520147326917,0.4430644438745368,-107.66593345101973,66.03566049429847,22.816676842803346,0.1108,-0.8073,0.5449,0.1978
197,1597257.0,794.016038,1.0,-3.8,0.06,-8.57,-0.37,-10.0,36.0,-4.13,-7.31,-8.88,0.4004360834556819,0.2267520147326917,0.4430644438745368,-107.66593345101973,66.03566049429847,22.816676842803346,0.1108,-0.8073,0.5449,0.1978
198,1597292.0,794.0304269999999,1.0,-4.58,-0.57,-7.68,-0.69,-8.56,36.56,0.44,-6.63,-12.56,0.5361676131330926,-0.97817685955484,0.9162397551317376,-107.91874458790814,65.66705665174257,22.95697570537593,0.1124,-0.8086,0.5422,0.19899999999999998
199,1597292.0,794.0304269999999,1.0,-4.58,-0.57,-7.68,-0.69,-8.56,36.56,0.44,-6.63,-12.56,0.5361676131330926,-0.97817685955484,0.9162397551317376,-107.91874458790814,65.66705665174257,22.95697570537593,0.1124,-0.8086,0.5422,0.19899999999999998
200,1597329.0,794.033319,1.0,-4.34,-1.27,-8.47,-0.56,-10.19,35.56,2.5,0.75,-11.0,1.3834301411775398,-0.7195846612488538,0.3325949568953366,-108.27006185000631,65.25839194352429,22.921897728102717,0.1137,-0.8104,0.5392,0.1987
201,1597329.0,794.033319,1.0,-4.34,-1.27,-8.47,-0.56,-10.19,35.56,2.5,0.75,-11.0,1.3834301411775398,-0.7195846612488538,0.3325949568953366,-108.27006185000631,65.25839194352429,22.921897728102717,0.1137,-0.8104,0.5392,0.1987
202,1597364.0,794.1189870000001,1.0,-4.53,-0.85,-8.62,-0.56,-10.19,35.56,-0.88,-4.75,1.12,0.9709337740994676,-0.6315452208123021,0.10066018749854244,-108.27006185000631,65.20397390849297,23.038832805407413,0.1143,-0.8104,0.5388,0.1997
203,1597364.0,794.1189870000001,1.0,-4.53,-0.85,-8.62,-0.56,-10.19,35.56,-0.88,-4.75,1.12,0.9709337740994676,-0.6315452208123021,0.10066018749854244,-108.27006185000631,65.20397390849297,23.038832805407413,0.1143,-0.8104,0.5388,0.1997
204,1597401.0,794.158849,1.0,-4.6,-0.27,-8.13,-0.19,-9.5,36.0,0.69,4.19,1.94,0.33543127306515164,-0.6632177190163705,0.4912096927341825,-108.19186283336569,65.28560716576904,23.109005518751957,0.1136,-0.81,0.5394,0.2003
205,1597401.0,794.158849,1.0,-4.6,-0.27,-8.13,-0.19,-9.5,36.0,0.69,4.19,1.94,0.33543127306515164,-0.6632177190163705,0.4912096927341825,-108.19186283336569,65.28560716576904,23.109005518751957,0.1136,-0.81,0.5394,0.2003
206,1597435.0,794.1798679999999,1.0,-4.1,-0.14,-8.92,0.88,-9.56,34.69,4.94,6.56,2.31,0.5153541831645023,0.09032429621094863,0.002454388558497556,-108.17232459490296,65.40812696087787,22.86343926833653,0.1134,-0.8099,0.5403,0.1982
207,1597435.0,794.1798679999999,1.0,-4.1,-0.14,-8.92,0.88,-9.56,34.69,4.94,6.56,2.31,0.5153541831645023,0.09032429621094863,0.002454388558497556,-108.17232459490296,65.40812696087787,22.86343926833653,0.1134,-0.8099,0.5403,0.1982
208,1597468.0,794.183951,1.0,-4.07,-0.02,-9.09,0.88,-9.56,34.69,6.5,2.88,1.75,0.4079260281773134,0.2284328735921163,-0.14195868552974744,-108.07470230594728,65.55798771264952,22.64135196781312,0.1147,-0.8094,0.5414,0.1963
209,1597468.0,794.183951,1.0,-4.07,-0.02,-9.09,0.88,-9.56,34.69,6.5,2.88,1.75,0.4079260281773134,0.2284328735921163,-0.14195868552974744,-108.07470230594728,65.55798771264952,22.64135196781312,0.1147,-0.8094,0.5414,0.1963
210,1597503.0,794.2979690000001,1.0,-4.44,-0.18,-8.68,-0.06,-8.5,35.06,5.19,-4.31,-1.37,0.3288746833133499,-0.2829565934099182,0.06497781248920376,-108.05519160220844,65.55798771264952,22.59460775363036,0.1163,-0.8093,0.5414,0.1959
211,1597503.0,794.2979690000001,1.0,-4.44,-0.18,-8.68,-0.06,-8.5,35.06,5.19,-4.31,-1.37,0.3288746833133499,-0.2829565934099182,0.06497781248920376,-108.05519160220844,65.55798771264952,22.59460775363036,0.1163,-0.8093,0.5414,0.1959
212,1597540.0,794.359564,1.0,-4.33,-0.09,-8.64,-0.5,-8.75,34.56,2.75,2.13,-0.81,0.2528488999122845,-0.16685517792726098,0.14669002164542988,-108.07470230594728,65.54435879722949,22.501130743263236,0.1172,-0.8094,0.5413,0.1951
213,1597540.0,794.359564,1.0,-4.33,-0.09,-8.64,-0.5,-8.75,34.56,2.75,2.13,-0.81,0.2528488999122845,-0.16685517792726098,0.14669002164542988,-108.07470230594728,65.54435879722949,22.501130743263236,0.1172,-0.8094,0.5413,0.1951
214,1597575.0,794.367659,1.0,-4.27,-0.24,-8.87,-0.5,-8.75,34.56,2.94,-2.38,-0.37,0.4305148734443299,-0.07535451625332333,-0.030848596727899743,-108.11373745608395,65.53073092524775,22.407668898888772,0.1182,-0.8096,0.5412,0.1943
215,1597575.0,794.367659,1.0,-4.27,-0.24,-8.87,-0.5,-8.75,34.56,2.94,-2.38,-0.37,0.4305148734443299,-0.07535451625332333,-0.030848596727899743,-108.11373745608395,65.53073092524775,22.407668898888772,0.1182,-0.8096,0.5412,0.1943
216,1597607.0,794.419649,1.0,-4.42,0.15,-8.67,0.25,-8.75,37.06,0.56,-1.75,0.56,-0.02460977203437642,-0.1135099293650944,0.07452228530903683,-108.07470230594728,65.51710409627202,22.419350802422514,0.1191,-0.8094,0.5411,0.1944
217,1597607.0,794.419649,1.0,-4.42,0.15,-8.67,0.25,-8.75,37.06,0.56,-1.75,0.56,-0.02460977203437642,-0.1135099293650944,0.07452228530903683,-108.07470230594728,65.51710409627202,22.419350802422514,0.1191,-0.8094,0.5411,0.1944
218,1597644.0,794.4266190000001,1.0,-4.48,-0.07,-8.38,0.25,-9.56,35.38,-2.0,2.0,-0.69,0.09923512528205736,-0.36720053873401903,0.3116504658102404,-108.13326191007236,65.48985356561043,22.39598723123728,0.1191,-0.8097,0.5409,0.1942
219,1597644.0,794.4266190000001,1.0,-4.48,-0.07,-8.38,0.25,-9.56,35.38,-2.0,2.0,-0.69,0.09923512528205736,-0.36720053873401903,0.3116504658102404,-108.13326191007236,65.48985356561043,22.39598723123728,0.1191,-0.8097,0.5409,0.1942
220,1597679.0,794.443741,1.0,-4.42,0.05,-8.51,-0.5,-8.75,35.06,1.88,6.75,-2.94,0.006265638276179764,-0.24485360909669265,0.2202529994638045,-108.27006185000631,65.42174546134221,22.185757394813148,0.1186,-0.8104,0.5404,0.1924
221,1597679.0,794.443741,1.0,-4.42,0.05,-8.51,-0.5,-8.75,35.06,1.88,6.75,-2.94,0.006265638276179764,-0.24485360909669265,0.2202529994638045,-108.27006185000631,65.42174546134221,22.185757394813148,0.1186,-0.8104,0.5404,0.1924
222,1597714.0,794.446697,1.0,-4.28,-0.19,-8.81,-0.5,-8.75,35.06,-1.06,3.44,-1.75,0.3091283701710381,-0.11609742178652173,0.015758261276204166,-108.38749898537714,65.3672776925159,22.045646214809636,0.1185,-0.8109999999999999,0.54,0.1912
223,1597714.0,794.446697,1.0,-4.28,-0.19,-8.81,-0.5,-8.75,35.06,-1.06,3.44,-1.75,0.3091283701710381,-0.11609742178652173,0.015758261276204166,-108.38749898537714,65.3672776925159,22.045646214809636,0.1185,-0.8109999999999999,0.54,0.1912
224,1597751.0,794.474918,1.0,-4.39,-0.35,-8.67,-0.5,-9.56,35.38,-0.63,0.37,-2.81,0.3775789665427568,-0.3250650280290404,0.09504524838572516,-108.50510319404415,65.25839194352429,21.987276416568136,0.1188,-0.8116,0.5392,0.1907
225,1597751.0,794.474918,1.0,-4.39,-0.35,-8.67,-0.5,-9.56,35.38,-0.63,0.37,-2.81,0.3775789665427568,-0.3250650280290404,0.09504524838572516,-108.50510319404415,65.25839194352429,21.987276416568136,0.1188,-0.8116,0.5392,0.1907
226,1597786.0,794.508363,1.0,-4.51,-0.47,-8.47,-0.06,-9.19,35.06,0.63,4.75,0.94,0.3922946397735544,-0.5536186164387651,0.22325230695097356,-108.56396821294662,65.24478588422559,21.893896745024186,0.1192,-0.8119,0.5391,0.1899
227,1597786.0,794.508363,1.0,-4.51,-0.47,-8.47,-0.06,-9.19,35.06,0.63,4.75,0.94,0.3922946397735544,-0.5536186164387651,0.22325230695097356,-108.56396821294662,65.24478588422559,21.893896745024186,0.1192,-0.8119,0.5391,0.1899
228,1597818.0,794.6349809999999,1.0,-4.36,-0.64,-8.97,-0.06,-9.19,35.06,-4.69,2.69,3.69,0.681760423088797,-0.31616345368911125,-0.1590583740224485,-108.54434186923865,65.31282652906373,21.777192841624235,0.1187,-0.8118,0.5396,0.1889
229,1597818.0,794.6349809999999,1.0,-4.36,-0.64,-8.97,-0.06,-9.19,35.06,-4.69,2.69,3.69,0.681760423088797,-0.31616345368911125,-0.1590583740224485,-108.54434186923865,65.31282652906373,21.777192841624235,0.1187,-0.8118,0.5396,0.1889
230,1597853.0,794.645069,1.0,-4.24,-0.12,-8.79,-1.19,-9.19,34.56,-3.88,4.94,3.63,0.23272467472383296,-0.11865495875053278,0.050223388451145816,-108.52472019757442,65.40812696087787,21.765523710742034,0.1168,-0.8117,0.5403,0.1888
231,1597853.0,794.645069,1.0,-4.24,-0.12,-8.79,-1.19,-9.19,34.56,-3.88,4.94,3.63,0.23272467472383296,-0.11865495875053278,0.050223388451145816,-108.52472019757442,65.40812696087787,21.765523710742034,0.1168,-0.8117,0.5403,0.1888
232,1597890.0,794.651012,1.0,-4.18,0.2,-8.75,-0.5,-9.19,35.38,-1.56,-0.88,4.0,-0.02486067092175348,0.02722922754880952,0.10749846410736552,-108.36791454974384,65.55798771264952,21.823871652385925,0.1158,-0.8109,0.5414,0.1893
233,1597890.0,794.651012,1.0,-4.18,0.2,-8.75,-0.5,-9.19,35.38,-1.56,-0.88,4.0,-0.02486067092175348,0.02722922754880952,0.10749846410736552,-108.36791454974384,65.55798771264952,21.823871652385925,0.1158,-0.8109,0.5414,0.1893
234,1597925.0,794.745886,1.0,-4.3,0.1,-8.43,-0.5,-9.19,35.38,-0.12,2.13,0.75,-0.03105921939098366,-0.2434117838724297,0.3459583747348134,-108.32875958573808,65.61251381736736,21.800531789289547,0.1156,-0.8107,0.5418,0.1891
235,1597925.0,794.745886,1.0,-4.3,0.1,-8.43,-0.5,-9.19,35.38,-0.12,2.13,0.75,-0.03105921939098366,-0.2434117838724297,0.3459583747348134,-108.32875958573808,65.61251381736736,21.800531789289547,0.1156,-0.8107,0.5418,0.1891
236,1597960.0,794.749107,1.0,-4.07,-0.11,-9.05,-0.06,-9.56,35.06,-0.94,2.0,0.63,0.3443475146735433,0.08733880741103561,-0.11067306229146467,-108.38749898537714,65.63978314161311,21.683846183764324,0.1149,-0.8109999999999999,0.542,0.1881
237,1597960.0,794.749107,1.0,-4.07,-0.11,-9.05,-0.06,-9.56,35.06,-0.94,2.0,0.63,0.3443475146735433,0.08733880741103561,-0.11067306229146467,-108.38749898537714,65.63978314161311,21.683846183764324,0.1149,-0.8109999999999999,0.542,0.1881
238,1597995.0,794.784787,1.0,-4.33,0.01,-8.49,-0.5,-9.56,35.88,-1.25,3.63,0.69,0.044589831460311265,-0.3177087509151616,0.2816212390711268,-108.4070880619203,65.65341937322533,21.637178319468852,0.1142,-0.8111,0.5421,0.1877
239,1597995.0,794.784787,1.0,-4.33,0.01,-8.49,-0.5,-9.56,35.88,-1.25,3.63,0.69,0.044589831460311265,-0.3177087509151616,0.2816212390711268,-108.4070880619203,65.65341937322533,21.637178319468852,0.1142,-0.8111,0.5421,0.1877
240,1598031.0,794.791308,1.0,-4.32,-0.14,-8.48,-1.19,-9.19,35.0,-0.88,9.38,1.0,0.16835418870623087,-0.4168637342950654,0.2992696302990652,-108.48549085474319,65.69433435122963,21.403893300909647,0.1127,-0.8115,0.5424,0.1857
241,1598031.0,794.791308,1.0,-4.32,-0.14,-8.48,-1.19,-9.19,35.0,-0.88,9.38,1.0,0.16835418870623087,-0.4168637342950654,0.2992696302990652,-108.48549085474319,65.69433435122963,21.403893300909647,0.1127,-0.8115,0.5424,0.1857
242,1598064.0,794.807133,1.0,-4.24,-0.12,-8.68,-1.19,-9.19,35.0,0.06,8.31,0.37,0.19245688433836472,-0.29405192626053445,0.15207109606362754,-108.54434186923865,65.73525876311373,21.20567161915569,0.1121,-0.8118,0.5427,0.184
243,1598064.0,794.807133,1.0,-4.24,-0.12,-8.68,-1.19,-9.19,35.0,0.06,8.31,0.37,0.19245688433836472,-0.29405192626053445,0.15207109606362754,-108.54434186923865,65.73525876311373,21.20567161915569,0.1121,-0.8118,0.5427,0.184
244,1598101.0,794.853794,1.0,-4.12,-0.02,-8.78,-1.19,-9.19,34.69,-2.25,4.81,1.06,0.1390070024711636,-0.14404260592539053,0.11009758272600044,-108.62287531550987,65.74890233219018,21.019168663575197,0.1115,-0.8122,0.5428,0.1824
245,1598101.0,794.853794,1.0,-4.12,-0.02,-8.78,-1.19,-9.19,34.69,-2.25,4.81,1.06,0.1390070024711636,-0.14404260592539053,0.11009758272600044,-108.62287531550987,65.74890233219018,21.019168663575197,0.1115,-0.8122,0.5428,0.1824
246,1598136.0,794.95917,1.0,-3.94,-0.06,-8.93,-1.88,-9.19,35.0,-0.5,2.25,-1.31,0.25743368139718603,0.033255203910287016,0.049359290428251164,-108.66217014935283,65.73525876311373,20.937591354374124,0.111,-0.8124,0.5427,0.1817
247,1598136.0,794.95917,1.0,-3.94,-0.06,-8.93,-1.88,-9.19,35.0,-0.5,2.25,-1.31,0.25743368139718603,0.033255203910287016,0.049359290428251164,-108.66217014935283,65.73525876311373,20.937591354374124,0.111,-0.8124,0.5427,0.1817
248,1598169.0,794.971013,1.0,-4.02,-0.13,-8.85,-1.88,-9.19,35.0,0.31,0.88,-1.0,0.2647746315853686,-0.09577853206592668,0.0896277777724439,-108.76048947633528,65.69433435122963,20.856024774540764,0.1112,-0.8129,0.5424,0.18100000000000002
249,1598169.0,794.971013,1.0,-4.02,-0.13,-8.85,-1.88,-9.19,35.0,0.31,0.88,-1.0,0.2647746315853686,-0.09577853206592668,0.0896277777724439,-108.76048947633528,65.69433435122963,20.856024774540764,0.1112,-0.8129,0.5424,0.18100000000000002
250,1598203.0,795.015005,1.0,-4.06,-0.19,-8.96,-1.19,-9.19,34.56,0.81,1.88,-1.37,0.30794667096886297,-0.1074649352127719,-0.026707520986356315,-108.79985018717657,65.65341937322533,20.786119068432164,0.1118,-0.8131,0.5421,0.1804
251,1598203.0,795.015005,1.0,-4.06,-0.19,-8.96,-1.19,-9.19,34.56,0.81,1.88,-1.37,0.30794667096886297,-0.1074649352127719,-0.026707520986356315,-108.79985018717657,65.65341937322533,20.786119068432164,0.1118,-0.8131,0.5421,0.1804
252,1598240.0,795.0724299999999,1.0,-4.08,-0.36,-8.81,-1.19,-8.06,33.38,-0.63,1.0,-0.56,0.4079241692461724,-0.2416897219633558,0.10266710891645657,-108.87862832095405,65.57161767194049,20.69292362085707,0.1126,-0.8135,0.5415,0.1796
253,1598240.0,795.0724299999999,1.0,-4.08,-0.36,-8.81,-1.19,-8.06,33.38,-0.63,1.0,-0.56,0.4079241692461724,-0.2416897219633558,0.10266710891645657,-108.87862832095405,65.57161767194049,20.69292362085707,0.1126,-0.8135,0.5415,0.1796
254,1598275.0,795.090979,1.0,-4.08,-0.2,-8.88,-1.19,-8.06,33.38,0.88,-1.0,0.44,0.2617660413307207,-0.14824471807982398,0.0367829567302973,-108.898334692695,65.55798771264952,20.657978898652157,0.1131,-0.8136,0.5414,0.1793
255,1598275.0,795.090979,1.0,-4.08,-0.2,-8.88,-1.19,-8.06,33.38,0.88,-1.0,0.44,0.2617660413307207,-0.14824471807982398,0.0367829567302973,-108.898334692695,65.55798771264952,20.657978898652157,0.1131,-0.8136,0.5414,0.1793
256,1598308.0,795.093792,1.0,-4.11,-0.25,-8.9,-1.19,-9.88,35.06,0.44,0.75,0.19,0.2843535448649341,-0.1777339788576532,0.006029933173506308,-108.898334692695,65.55798771264952,20.599742008899195,0.1139,-0.8136,0.5414,0.1788
257,1598308.0,795.093792,1.0,-4.11,-0.25,-8.9,-1.19,-9.88,35.06,0.44,0.75,0.19,0.2843535448649341,-0.1777339788576532,0.006029933173506308,-108.898334692695,65.55798771264952,20.599742008899195,0.1139,-0.8136,0.5414,0.1788
258,1598343.0,795.101801,1.0,-4.06,-0.13,-8.9,-0.75,-8.06,33.75,0.56,1.56,1.06,0.18412939408711826,-0.09485276712710512,0.02566848898580609,-108.87862832095405,65.58524867553507,20.54151049721856,0.1139,-0.8135,0.5416,0.1783
259,1598343.0,795.101801,1.0,-4.06,-0.13,-8.9,-0.75,-8.06,33.75,0.56,1.56,1.06,0.18412939408711826,-0.09485276712710512,0.02566848898580609,-108.87862832095405,65.58524867553507,20.54151049721856,0.1139,-0.8135,0.5416,0.1783
260,1598380.0,795.134588,1.0,-4.04,-0.15,-8.95,-0.75,-8.06,33.75,-1.56,-1.19,1.44,0.2168359863298398,-0.06434756872184366,-0.011468024623249915,-108.85892668852873,65.62614795647175,20.54151049721856,0.1141,-0.8134,0.5419,0.1783
261,1598380.0,795.134588,1.0,-4.04,-0.15,-8.95,-0.75,-8.06,33.75,-1.56,-1.19,1.44,0.2168359863298398,-0.06434756872184366,-0.011468024623249915,-108.85892668852873,65.62614795647175,20.54151049721856,0.1141,-0.8134,0.5419,0.1783
262,1598412.0,795.150814,1.0,-4.08,-0.01,-8.85,-1.5,-8.5,34.19,-0.19,-2.06,1.56,0.06289203803751653,-0.07431927649759196,0.06193239317873634,-108.79985018717657,65.65341937322533,20.588095276846204,0.1143,-0.8131,0.5421,0.1787
263,1598412.0,795.150814,1.0,-4.08,-0.01,-8.85,-1.5,-8.5,34.19,-0.19,-2.06,1.56,0.06289203803751653,-0.07431927649759196,0.06193239317873634,-108.79985018717657,65.65341937322533,20.588095276846204,0.1143,-0.8131,0.5421,0.1787
264,1598447.0,795.2526190000001,1.0,-4.16,0.19,-8.55,-0.75,-8.5,34.19,0.19,-1.37,0.75,-0.1919649737590915,-0.16719146572459442,0.2998420992039321,-108.74081619599785,65.66705665174257,20.657978898652157,0.1146,-0.8128,0.5422,0.1793
265,1598447.0,795.2526190000001,1.0,-4.16,0.19,-8.55,-0.75,-8.5,34.19,0.19,-1.37,0.75,-0.1919649737590915,-0.16719146572459442,0.2998420992039321,-108.74081619599785,65.66705665174257,20.657978898652157,0.1146,-0.8128,0.5422,0.1793
266,1598484.0,795.25622,1.0,-4.18,-0.09,-8.59,-1.19,-9.19,34.56,-1.06,-0.19,-1.0,0.061480991261873015,-0.27155987762535405,0.2572481694884381,-108.7801674720705,65.62614795647175,20.657978898652157,0.1149,-0.813,0.5419,0.1793
267,1598484.0,795.25622,1.0,-4.18,-0.09,-8.59,-1.19,-9.19,34.56,-1.06,-0.19,-1.0,0.061480991261873015,-0.27155987762535405,0.2572481694884381,-108.7801674720705,65.62614795647175,20.657978898652157,0.1149,-0.813,0.5419,0.1793
268,1598519.0,795.294182,1.0,-4.15,-0.2,-8.68,-1.19,-9.19,34.56,0.81,-0.06,-1.94,0.18223548157856076,-0.24717204321228856,0.18840711419658085,-108.8195376256316,65.55798771264952,20.657978898652157,0.1153,-0.8132,0.5414,0.1793
269,1598519.0,795.294182,1.0,-4.15,-0.2,-8.68,-1.19,-9.19,34.56,0.81,-0.06,-1.94,0.18223548157856076,-0.24717204321228856,0.18840711419658085,-108.8195376256316,65.55798771264952,20.657978898652157,0.1153,-0.8132,0.5414,0.1793
270,1598554.0,795.30056,1.0,-4.18,-0.13,-8.74,-0.5,-9.19,34.19,-1.75,0.88,-0.12,0.11466671149891215,-0.21671022473242774,0.12074331947852812,-108.85892668852873,65.54435879722949,20.669626923426364,0.1156,-0.8134,0.5413,0.1794
271,1598554.0,795.30056,1.0,-4.18,-0.13,-8.74,-0.5,-9.19,34.19,-1.75,0.88,-0.12,0.11466671149891215,-0.21671022473242774,0.12074331947852812,-108.85892668852873,65.54435879722949,20.669626923426364,0.1156,-0.8134,0.5413,0.1794
272,1598590.0,795.3169809999999,1.0,-4.08,-0.07,-8.67,-1.19,-10.25,34.19,-1.88,3.0,-0.63,0.08194618279467769,-0.14703911686249604,0.22584291910970397,-108.898334692695,65.51710409627202,20.63468349632429,0.1151,-0.8136,0.5411,0.1791
273,1598590.0,795.3169809999999,1.0,-4.08,-0.07,-8.67,-1.19,-10.25,34.19,-1.88,3.0,-0.63,0.08194618279467769,-0.14703911686249604,0.22584291910970397,-108.898334692695,65.51710409627202,20.63468349632429,0.1151,-0.8136,0.5411,0.1791
274,1598625.0,795.32009,1.0,-4.04,-0.23,-8.91,-1.19,-10.25,34.19,2.63,3.44,-0.63,0.2698579061423484,-0.0954100468783593,0.02500015790039889,-108.9180458077566,65.51710409627202,20.52986483879688,0.115,-0.8137,0.5411,0.1782
275,1598625.0,795.32009,1.0,-4.04,-0.23,-8.91,-1.19,-10.25,34.19,2.63,3.44,-0.63,0.2698579061423484,-0.0954100468783593,0.02500015790039889,-108.9180458077566,65.51710409627202,20.52986483879688,0.115,-0.8137,0.5411,0.1782
276,1598658.0,795.3725969999999,1.0,-4.13,0.02,-8.68,-1.88,-9.88,34.19,-3.38,-0.25,0.12,-0.027724170287888428,-0.16598023166719222,0.19564683003498476,-108.93776167014931,65.50347830987022,20.52986483879688,0.1147,-0.8138,0.541,0.1782
277,1598658.0,795.3725969999999,1.0,-4.13,0.02,-8.68,-1.88,-9.88,34.19,-3.38,-0.25,0.12,-0.027724170287888428,-0.16598023166719222,0.19564683003498476,-108.93776167014931,65.50347830987022,20.52986483879688,0.1147,-0.8138,0.541,0.1782
278,1598695.0,795.413452,1.0,-4.19,-0.08,-8.71,-1.5,-9.88,34.19,0.19,1.94,-1.25,0.04825215436946362,-0.24957944619324654,0.14424958242069866,-108.99693778149953,65.47622986306104,20.518219394705007,0.1144,-0.8141,0.5408,0.1781
279,1598695.0,795.413452,1.0,-4.19,-0.08,-8.71,-1.5,-9.88,34.19,0.19,1.94,-1.25,0.04825215436946362,-0.24957944619324654,0.14424958242069866,-108.99693778149953,65.47622986306104,20.518219394705007,0.1144,-0.8141,0.5408,0.1781
280,1598730.0,795.475534,1.0,-4.19,-0.11,-8.73,-1.5,-8.75,35.06,-0.69,4.19,-1.12,0.0633044732793645,-0.2671976408374944,0.1264796520983804,-109.07590597018145,65.43536500136207,20.401776712875193,0.1142,-0.8145,0.5405,0.1771
281,1598730.0,795.475534,1.0,-4.19,-0.11,-8.73,-1.5,-8.75,35.06,-0.69,4.19,-1.12,0.0633044732793645,-0.2671976408374944,0.1264796520983804,-109.07590597018145,65.43536500136207,20.401776712875193,0.1142,-0.8145,0.5405,0.1771
282,1598765.0,795.492782,1.0,-4.09,-0.22,-8.88,-1.5,-8.75,35.06,-0.25,0.5,-0.31,0.21602827332265329,-0.17190464347950365,0.031442555721620025,-109.11541872598387,65.40812696087787,20.355205608113067,0.1143,-0.8147,0.5403,0.1767
283,1598765.0,795.492782,1.0,-4.09,-0.22,-8.88,-1.5,-8.75,35.06,-0.25,0.5,-0.31,0.21602827332265329,-0.17190464347950365,0.031442555721620025,-109.11541872598387,65.40812696087787,20.355205608113067,0.1143,-0.8147,0.5403,0.1767
284,1598799.0,795.539893,1.0,-4.1,-0.13,-8.74,-0.75,-9.88,34.19,0.88,2.75,-0.56,0.09386293413927772,-0.2041856749765153,0.15450008613473898,-109.15495063272716,65.40812696087787,20.27371434520358,0.1144,-0.8149,0.5403,0.17600000000000002
285,1598799.0,795.539893,1.0,-4.1,-0.13,-8.74,-0.75,-9.88,34.19,0.88,2.75,-0.56,0.09386293413927772,-0.2041856749765153,0.15450008613473898,-109.15495063272716,65.40812696087787,20.27371434520358,0.1144,-0.8149,0.5403,0.17600000000000002
286,1598834.0,795.548395,1.0,-4.01,-0.13,-8.86,-1.5,-9.19,34.19,1.19,2.69,-0.81,0.13336210782941416,-0.0935762804005027,0.08193622385513599,-109.17472377788086,65.40812696087787,20.180594156388953,0.1143,-0.815,0.5403,0.1752
287,1598834.0,795.548395,1.0,-4.01,-0.13,-8.86,-1.5,-9.19,34.19,1.19,2.69,-0.81,0.13336210782941416,-0.0935762804005027,0.08193622385513599,-109.17472377788086,65.40812696087787,20.180594156388953,0.1143,-0.815,0.5403,0.1752
288,1598869.0,795.626949,1.0,-3.98,-0.24,-9.03,-1.5,-9.19,34.19,-0.81,1.81,0.12,0.2590511175545636,-0.05607705331455149,-0.060905314391972006,-109.21428447215929,65.39450949953873,20.087487431641744,0.1143,-0.8152,0.5402,0.1744
289,1598869.0,795.626949,1.0,-3.98,-0.24,-9.03,-1.5,-9.19,34.19,-0.81,1.81,0.12,0.2590511175545636,-0.05607705331455149,-0.060905314391972006,-109.21428447215929,65.39450949953873,20.087487431641744,0.1143,-0.8152,0.5402,0.1744
290,1598904.0,795.680705,1.0,-3.9,-0.09,-9.17,-1.88,-9.19,34.19,-0.37,-0.19,1.37,0.17142825678896678,0.11583715623691115,-0.1564917788772462,-109.21428447215929,65.43536500136207,20.064212846329454,0.1141,-0.8152,0.5405,0.1742
291,1598904.0,795.680705,1.0,-3.9,-0.09,-9.17,-1.88,-9.19,34.19,-0.37,-0.19,1.37,0.17142825678896678,0.11583715623691115,-0.1564917788772462,-109.21428447215929,65.43536500136207,20.064212846329454,0.1141,-0.8152,0.5405,0.1742
292,1598941.0,795.684708,1.0,-4.02,-0.05,-8.79,-1.88,-8.5,35.06,-0.5,-1.75,0.5,0.035035428574537335,-0.10276339681535407,0.1414954640901076,-109.17472377788086,65.44898558136794,20.11076285425295,0.1144,-0.815,0.5406,0.1746
293,1598941.0,795.684708,1.0,-4.02,-0.05,-8.79,-1.88,-8.5,35.06,-0.5,-1.75,0.5,0.035035428574537335,-0.10276339681535407,0.1414954640901076,-109.17472377788086,65.44898558136794,20.11076285425295,0.1144,-0.815,0.5406,0.1746
294,1598973.0,795.7011610000001,1.0,-4.09,-0.15,-8.69,-1.88,-8.5,35.06,-0.63,0.12,0.25,0.08597585077719416,-0.23778437262150764,0.20442282370281892,-109.17472377788086,65.43536500136207,20.11076285425295,0.1144,-0.815,0.5405,0.1746
295,1598973.0,795.7011610000001,1.0,-4.09,-0.15,-8.69,-1.88,-8.5,35.06,-0.63,0.12,0.25,0.08597585077719416,-0.23778437262150764,0.20442282370281892,-109.17472377788086,65.43536500136207,20.11076285425295,0.1144,-0.815,0.5405,0.1746
296,1599008.0,795.704008,1.0,-4.06,-0.11,-8.88,-2.25,-9.56,34.56,-0.56,0.0,0.06,0.09512108113952199,-0.12251535319564633,0.04314438120947095,-109.17472377788086,65.43536500136207,20.14567756040377,0.1144,-0.815,0.5405,0.1749
297,1599008.0,795.704008,1.0,-4.06,-0.11,-8.88,-2.25,-9.56,34.56,-0.56,0.0,0.06,0.09512108113952199,-0.12251535319564633,0.04314438120947095,-109.17472377788086,65.43536500136207,20.14567756040377,0.1144,-0.815,0.5405,0.1749
